 C      2.75769800     -0.08260300     -0.15120500
 O      1.32054100     -0.11944700      0.06703400
 C      0.70560000     -1.37915600     -0.27981500
 C     -0.70565700     -1.37918600      0.27980800
 H      1.27746400     -2.20851500      0.16040500
 H      0.70360500     -1.48776200     -1.37493900
 O     -1.32056700     -0.11949500     -0.06695000
 H     -0.70367700     -1.48791700      1.37492200
 H     -1.27751700     -2.20852200     -0.16047800
 C     -2.75770600     -0.08259800      0.15114400
 C     -3.26472100      1.30877400     -0.16741600
 H     -2.95626600     -0.35607400      1.19819300
 H     -3.21551300     -0.83742100     -0.50370600
 H     -2.82974000      2.06245700      0.50628200
 H     -4.35268300      1.34168100     -0.02703700
 H     -3.05460400      1.58072400     -1.21064200
 C      3.26483200      1.30869300      0.16747300
 H      2.95613600     -0.35597200     -1.19830400
 H      3.21549100     -0.83751900      0.50353900
 H      2.83009200      2.06245800     -0.50627800
 H      4.35283300      1.34145200      0.02732900
 H      3.05455400      1.58062500      1.21067200
Li     -0.00008000      1.18609400     -0.00018700
