 C      3.10685700     -0.74406900     -0.00384900
 O      1.70973900     -0.42205500     -0.17360100
 C      1.36375900      0.89756600      0.30802100
 C     -0.02715900      1.23222700     -0.19789700
 H      2.08455000      1.63324700     -0.07652600
 H      1.40348800      0.89751700      1.40782200
 O     -0.88012700      0.09832700      0.06677000
 H     -0.02352900      1.43519600     -1.27950700
 H     -0.40665800      2.11857900      0.33048800
 C     -2.29952800      0.37227400     -0.09802800
 C     -3.07327800     -0.91079400      0.12343500
 H     -2.45906200      0.77251700     -1.11030300
 H     -2.57849000      1.14254000      0.63470500
 H     -2.81648000     -1.67364100     -0.62706400
 H     -4.14769900     -0.71052000      0.02340300
 H     -2.90133900     -1.31146000      1.13159800
 H      3.25436000     -1.75864000     -0.38723400
 H      3.38236600     -0.70065400      1.05913500
 H      3.72133700     -0.04077300     -0.58070100
Li      0.14211800     -1.43243600     -0.15375200
