 C      3.03959000     -1.07519800     -0.02827400
 O      1.73931300     -0.45733700     -0.12744300
 C      1.74871300      0.94530100      0.21647200
 C      0.41876500      1.53332900     -0.21521100
 H      2.56742800      1.45476700     -0.31197900
 H      1.90269600      1.05114800      1.30109300
 O     -0.60137100      0.66811600      0.32223600
 H      0.33587200      1.55348300     -1.31273800
 H      0.30475200      2.55473400      0.17538500
 C     -1.92362800      0.83553400     -0.20984700
 C     -2.69441000     -0.39274800      0.21574600
 H     -1.87818700      0.91353100     -1.30705500
 H     -2.40543800      1.73889900      0.19529500
 F     -1.88951800     -1.54083200     -0.15519600
 H     -3.65005100     -0.49860500     -0.30652900
 H     -2.82420200     -0.46613500      1.30059100
 H      2.91962600     -2.12740700     -0.30515300
 H      3.42172200     -0.99993900      0.99954600
 H      3.73695800     -0.59047100     -0.72423000
Li     -0.02107700     -1.16001900      0.08696400
