 C     -2.08220200      0.82837700     -0.43228400
 O     -0.77890900      0.83134300      0.14715900
 C      0.10574100      1.89606900     -0.26148700
 C      1.47159600      1.54836800      0.30154800
 H     -0.24181800      2.85962600      0.13727400
 H      0.12913300      1.94221100     -1.36102000
 O      1.74577200      0.17435600     -0.03650300
 H      1.49475200      1.66571100      1.39548800
 H      2.23154700      2.20661500     -0.14375400
 C      3.12595300     -0.22206000      0.19270400
 C      3.26578900     -1.69875000     -0.11476800
 H      3.38075600     -0.00165900      1.24009200
 H      3.76516700      0.38762900     -0.46178400
 H      2.64989800     -2.31263500      0.55961000
 H      4.30885600     -2.00561800      0.03442700
 H      3.00016500     -1.91633800     -1.15807300
 C     -2.63028700     -0.56992000     -0.21655400
 H     -2.03428700      1.03772700     -1.51215900
 H     -2.74275300      1.56062100      0.05484100
 F     -1.61357700     -1.48716900     -0.61561500
 H     -3.52422700     -0.81872300     -0.79889500
 F     -2.84697800     -0.82213000      1.09665000
Li      0.15112000     -0.85318800     -0.00519100
