 C     -3.40968500      1.16904600     -0.10567700
 O     -2.12865700      0.50388400     -0.15459800
 C     -2.20241800     -0.89682100      0.18805200
 C     -0.88513000     -1.53761500     -0.20525200
 H     -3.02371600     -1.37549600     -0.36455300
 H     -2.39245800     -0.99662700      1.26745500
 O      0.15304600     -0.70142100      0.35125300
 H     -0.77124000     -1.57046700     -1.29935200
 H     -0.81580600     -2.55720100      0.19944900
 C      1.48143100     -0.96198400     -0.10564800
 C      2.31647400      0.22381800      0.35260800
 H      1.51872400     -1.02253100     -1.20438800
 H      1.88180900     -1.88987700      0.32784900
 F      1.57109900      1.40710800      0.03740900
 F      3.46510200      0.28833300     -0.34088500
 H      2.52131300      0.28590300      1.42770700
 H     -3.24055400      2.21581600     -0.37717500
 H     -3.83336200      1.10815600      0.90653400
 H     -4.09559200      0.70883700     -0.82887900
Li     -0.35802200      1.14538200      0.11963100
