 C      3.61284700     -1.23186200     -0.05135800
 O      2.36401700     -0.51849300     -0.16980900
 C      2.46786100      0.87154800      0.20595600
 C      1.19125500      1.56453700     -0.23185400
 H      3.33008000      1.33247500     -0.29736500
 H      2.60899100      0.94279500      1.29507800
 O      0.10709400      0.75120400      0.25790300
 H      1.13069200      1.62721600     -1.32923200
 H      1.13932000      2.57669300      0.19430300
 C     -1.20125100      1.07898900     -0.20912400
 C     -2.06332200     -0.15640200      0.02445900
 H     -1.18411200      1.31842500     -1.28272700
 H     -1.62029500      1.92684100      0.35132300
 F     -1.29979100     -1.26625000     -0.50859500
 C     -3.43202300     -0.17345400     -0.58989500
 F     -2.11472700     -0.42399000      1.36436200
 H     -3.36560000     -0.07807000     -1.67970500
 H     -4.01939000      0.66150900     -0.18775500
 H     -3.93137200     -1.11407400     -0.33266700
 H      3.42372400     -2.26665100     -0.35403700
 H      3.97198900     -1.20524100      0.98711800
 H      4.36180200     -0.78594600     -0.71906600
Li      0.55457900     -1.10188100      0.01965900
