 C     -1.70865300      0.99186400     -0.31371200
 O     -0.38174300      0.91948500      0.19738900
 C      0.54284200      1.92290900     -0.28274500
 C      1.91071300      1.51705500      0.23410700
 H      0.26349200      2.91446100      0.09991300
 H      0.51847500      1.93319700     -1.38285300
 O      2.09347100      0.11938900     -0.06614700
 H      1.98955100      1.66975900      1.32096900
 H      2.68419800      2.11668200     -0.26706100
 C      3.46167900     -0.34599200      0.10599900
 C      3.50269900     -1.83842900     -0.14931600
 H      3.78418600     -0.10157800      1.12895200
 H      4.09547100      0.20232400     -0.60533600
 H      2.89266200     -2.39118400      0.58107400
 H      4.53392300     -2.19868700     -0.04342700
 H      3.16927900     -2.07907900     -1.16787300
 C     -2.34338400     -0.35407000      0.01119300
 H     -1.71344400      1.12799200     -1.40521600
 H     -2.29017400      1.79083800      0.16717400
 F     -1.42629500     -1.37080300     -0.33263200
 F     -3.45084000     -0.57621500     -0.68453800
 F     -2.58867900     -0.51907700      1.31445800
Li      0.45850100     -0.82029500      0.07166500
