 C      3.63807900     -1.20137300     -0.03817100
 O      2.37470900     -0.50964500     -0.15432800
 C      2.44593800      0.87389500      0.25237600
 C      1.17175900      1.55667800     -0.20652300
 H      3.31257800      1.35957000     -0.21879900
 H      2.55769800      0.92537200      1.34588700
 O      0.08353900      0.71070900      0.23081700
 H      1.13825300      1.64444200     -1.30290600
 H      1.08598400      2.55504100      0.24475800
 C     -1.21370800      1.05752400     -0.24500900
 C     -2.08069000     -0.16926700      0.00718500
 H     -1.20420600      1.26523700     -1.32507400
 H     -1.63343400      1.91483600      0.29951700
 F     -1.36608800     -1.31057900     -0.42018600
 F     -3.21576400     -0.14068400     -0.67788600
 H      3.47222700     -2.23295600     -0.36428600
 H      3.98566000     -1.18875200      1.00422900
 H      4.38293800     -0.72597800     -0.68953900
Li      0.58592000     -1.13509500     -0.01969600
 F     -2.33922700     -0.37371200      1.30187600
