 C     -3.77772500     -0.89152000     -0.49852100
 O     -2.44624000     -0.41140500     -0.21304200
 C     -2.43135800      0.87123200      0.44973000
 C     -1.02768500      1.10331900      0.97272500
 H     -3.13934100      0.86601800      1.29107800
 H     -2.72975600      1.65271000     -0.26526300
 O     -0.13400000      0.88267800     -0.14965200
 H     -0.78732400      0.40009300      1.78108100
 H     -0.92234700      2.13482200      1.33596700
 C      1.28286600      0.89840200      0.11854800
 C      2.00417600      1.66973800     -0.97469100
 C      1.70633300     -0.57570900      0.19333300
 H      1.47265000      1.33875200      1.10658400
 H     -3.67180800     -1.86023900     -0.99688100
 H     -4.30486600     -0.18681100     -1.15670500
 H     -4.33495400     -1.02021300      0.43859800
 H      1.83149100      1.22130200     -1.96107800
 H      3.08299800      1.68645600     -0.78195800
 H      1.63554500      2.70125300     -0.98705300
 F      1.12472600     -1.26575400     -0.89134100
 F      1.22764000     -1.18838500      1.29215400
 F      3.01465300     -0.77286700      0.12015800
Li     -0.77772700     -0.70468300     -1.05276700
