 C     -3.65354500     -1.57968000     -0.01656500
 O     -2.51862200     -0.69739500      0.11339200
 C     -2.83635000      0.68428300     -0.15490800
 C     -1.66315800      1.52986000      0.30259800
 H     -3.73861100      0.97595600      0.40196100
 H     -3.02529900      0.80926400     -1.23202600
 O     -0.46802600      0.93750500     -0.24871800
 H     -1.58484300      1.54483100      1.40036400
 H     -1.77849600      2.56009100     -0.06464200
 C      0.73496300      1.68749200      0.00752400
 C      1.92643200      0.95856300     -0.60239400
 H      0.86109500      1.81724000      1.09249200
 H      0.64491200      2.67927100     -0.45729100
 H     -3.30155300     -2.59270200      0.20208900
 H     -4.05769600     -1.53521500     -1.03769000
 H     -4.42893600     -1.29628400      0.70715300
Li     -0.67041600     -0.95662400     -0.18146600
 C      2.22343600     -0.39187000      0.01341100
 H      2.82537900      1.57107300     -0.45117000
 H      1.80014500      0.81791300     -1.68338000
 F      2.27641200     -0.36764400      1.35425000
 F      3.33954500     -0.94153800     -0.45634000
 F      1.19489400     -1.32796600     -0.29222600
