 C     -2.56339000      0.61954200     -0.49646000
 O     -1.29318100      0.91089700      0.08300000
 C     -0.69738900      2.16517900     -0.29899100
 C      0.69741400      2.16518100      0.29895400
 H     -1.28220500      3.00854400      0.09527900
 H     -0.65711600      2.23049100     -1.39703200
 O      1.29309500      0.91076800     -0.08278500
 H      0.65718800      2.23072700      1.39698100
 H      1.28227700      3.00841800     -0.09552200
 C      2.56347100      0.61957000      0.49638100
 C      2.81151200     -0.85476200      0.24012200
 H      2.55262700      0.80323600      1.58207700
 H      3.36512300      1.21222400      0.03134800
 F      1.63395500     -1.55386800      0.61542200
 H      3.63785500     -1.29345200      0.81027400
 F      2.97873400     -1.10568900     -1.08239100
 C     -2.81148600     -0.85475500     -0.24017400
 H     -2.55230000      0.80310800     -1.58217400
 H     -3.36519800      1.21220300     -0.03170000
 F     -1.63385000     -1.55386800     -0.61531600
 H     -3.63771600     -1.29343800     -0.81049400
 F     -2.97889900     -1.10569600      1.08230000
Li     -0.00003000     -0.59434100      0.00003800
