 C      4.28729100     -1.24443900     -0.13406100
 O      3.03344600     -0.53075100     -0.20691000
 C      3.14226100      0.84885300      0.20532300
 C      1.86209500      1.55509700     -0.19995600
 H      3.99886000      1.32337300     -0.29467600
 H      3.29534800      0.89072000      1.29423000
 O      0.78098100      0.71876200      0.26535600
 H      1.79190900      1.65815500     -1.29341800
 H      1.80763600      2.54897100      0.26612800
 C     -0.53427100      1.09559200     -0.13665400
 C     -1.40138800     -0.13213600      0.11719200
 H     -0.55949700      1.35857500     -1.20549700
 H     -0.91382500      1.93696100      0.45829700
 F     -0.70214000     -1.25689500     -0.41498300
 C     -2.78749900     -0.11587000     -0.55529500
 F     -1.51269200     -0.37550200      1.43973000
 H     -2.71865500     -0.18630700     -1.65004300
 F     -3.38524900      1.06434100     -0.21532700
 F     -3.52444800     -1.14342200     -0.08204200
 H      4.09360700     -2.27104700     -0.46060800
 H      4.66753500     -1.24453000      0.89702400
 H      5.02005800     -0.77808100     -0.80542500
Li      1.23714200     -1.12671700      0.00023800
