 C     -2.35584800      0.87666500     -0.20166000
 O     -1.00136800      1.05765900      0.19933300
 C     -0.39916800      2.31521000     -0.17350900
 C      1.05793900      2.21806200      0.23715600
 H     -0.88935000      3.14783200      0.35047400
 H     -0.49940700      2.45670600     -1.26021300
 O      1.54637400      0.97492600     -0.30594700
 H      1.15911400      2.20037200      1.33280500
 H      1.62682100      3.06738700     -0.16710400
 C      2.84754300      0.57958200      0.13350300
 C      3.04127700     -0.84291000     -0.36754100
 H      2.91285300      0.58406500      1.23256500
 H      3.62867900      1.23108200     -0.28448100
 F      1.84511400     -1.56147700     -0.06354100
 H      3.18888400     -0.95817100     -1.44772900
 C     -2.65635100     -0.59775400      0.03158600
 H     -2.49212100      1.09857100     -1.27041100
 H     -3.04586300      1.48498800      0.39983200
 F     -1.59198000     -1.35582500     -0.48430300
 F     -3.76066800     -0.99253500     -0.59156400
 F     -2.73381700     -0.91646300      1.32845200
Li      0.20919700     -0.48256400     -0.13101400
 F      4.04250600     -1.44247200      0.30018000
