 C      4.48134400     -1.26887100     -0.18697700
 O      3.22665600     -0.55295600     -0.21958500
 C      3.36352800      0.84686200      0.10657300
 C      2.06462800      1.53731700     -0.26382000
 H      4.19031400      1.28730100     -0.46909000
 H      3.58081500      0.94960600      1.18039400
 O      1.00717800      0.73799600      0.31299500
 H      1.92947600      1.57626200     -1.35514100
 H      2.04095500      2.55695400      0.14553000
 C     -0.32384800      1.10818800     -0.03945200
 C     -1.19117600     -0.08320100      0.35717000
 H     -0.41162300      1.28830200     -1.12068800
 H     -0.65585300      1.99645600      0.51492600
 F     -0.53696300     -1.25896500     -0.08070800
 C     -2.61052800     -0.10303400     -0.26625100
 F     -1.28982700     -0.19562200      1.69767700
 F     -2.51045100     -0.15423400     -1.60700300
 F     -3.24577900      1.02898300      0.08054700
 F     -3.30028400     -1.15586800      0.16669600
 H      4.26465300     -2.31113900     -0.44136900
 H      4.92706900     -1.21242100      0.81587900
 H      5.16986000     -0.84541900     -0.92972700
Li      1.44656500     -1.12281200      0.11789000
