 C     -3.48094700      0.53856800     -0.30000500
 O     -2.06076400      0.28342300     -0.32124200
 C     -1.64852900     -0.74397500      0.61090700
 C     -0.21762600     -1.12798600      0.27900700
 H     -2.30284800     -1.62133700      0.50649100
 H     -1.73395900     -0.35085700      1.63524400
 O      0.54259100      0.09079600      0.14488100
 H     -0.17203300     -1.69981700     -0.65795400
 H      0.19527600     -1.74089400      1.09275800
 C      1.99993400     -0.03209000      0.29890200
 C      2.53550700      1.38845300      0.37507800
 C      2.60824200     -0.85082500     -0.83144900
 H      2.15786500     -0.53996000      1.26224200
 H     -3.67842800      1.33358100     -1.02604500
 H     -3.79683800      0.85935700      0.70259400
 H     -4.02486900     -0.36896300     -0.59271600
 H      2.38511600      1.92234500     -0.57641700
 H      3.61549700      1.36944400      0.56595000
 H      2.06127600      1.94916900      1.19100200
 H      2.42101500     -0.37883400     -1.80617100
 H      2.22384200     -1.87787500     -0.85464400
 H      3.69463200     -0.91399300     -0.68842100
Li     -0.55988100      1.34400400     -0.64589000
