 C      3.60329500     -0.89661300     -0.01074000
 O      2.23033800     -0.48211100     -0.17430300
 C      1.97803100      0.86136500      0.29970100
 C      0.60764400      1.28439500     -0.19655600
 H      2.74322400      1.54396600     -0.09681800
 H      2.02781000      0.86663500      1.39907600
 O     -0.31276700      0.20926800      0.08188300
 H      0.61523300      1.48104100     -1.27933500
 H      0.29107400      2.19628200      0.32980900
 C     -1.71331300      0.55905400     -0.09002800
 C     -2.56124100     -0.68136100      0.13403100
 H     -1.84976500      0.96134500     -1.10555000
 H     -1.95636000      1.34726400      0.63729400
 H     -2.27426600     -1.45408200     -0.59978800
 C     -4.05935200     -0.38512000     -0.00749300
 H     -2.35465700     -1.07961800      1.13904500
 H     -4.29963300     -0.00468200     -1.00961200
 H     -4.38738400      0.36008000      0.72970700
 H     -4.64653200     -1.29678800      0.15490500
 H      3.67984800     -1.92079900     -0.38928700
 H      3.88786800     -0.86635300      1.05037000
 H      4.26058800     -0.23952000     -0.59488900
Li      0.59733200     -1.38745100     -0.13301600
