# Fix print output for fix writeZ1
123.098144999998
123.095519613026
123.087380590171
123.074788084758
123.064761165135
123.053759632073
123.044208601422
123.035395065847
123.025521642545
123.016144749145
123.00081550721
122.982225108534
122.963433972061
122.942707038735
122.91854193888
122.893274280818
122.867727986806
122.841947847072
122.81581512508
122.791604678938
122.761527437094
122.731022380734
122.69866684235
122.663108900574
122.6256495758
122.588887410551
122.550939028438
122.506493675961
122.462138294756
122.415836342041
122.365343981805
122.314699505846
122.264484361687
122.214569580759
122.164030282826
122.112997645009
122.062304656591
122.009658940472
121.951265740144
121.894490598938
121.83610615156
121.773750835938
121.711943154343
121.650817816197
121.589113065523
121.5256628983
121.460372137172
121.393593261868
121.325115181661
121.255814397977
121.186909121678
121.112881967566
121.042239983904
120.971967460332
120.899446459756
120.825295307022
120.748625405978
120.67281443763
120.595600476404
120.518560411222
120.438936406879
120.357698000964
120.281087054429
120.204486485083
120.128774285725
120.054426544592
119.976899191433
119.901783531966
119.824813776503
119.748857780924
119.668415007861
119.580885571394
119.496849753895
119.415557155315
119.330866062545
119.241517215561
119.152088162286
119.065820280194
118.977782549045
118.889814225905
118.804453762364
118.714704510207
118.627196142903
118.538616249373
118.448768025874
118.36234093868
118.270171129583
118.176299461509
118.084868155159
117.988995340707
117.895894154294
117.805586461565
117.715679511747
117.626334437805
117.542550233772
117.459035140327
117.37157522418
117.281305015787
117.190640580155
117.101186681977
117.012868180757
116.920482886562
116.825119608913
116.734307326444
116.64368233351
116.551148465902
116.460149871719
116.370108617132
116.278140592087
116.186227959361
116.092986469443
115.997476781715
115.901654266551
115.804459075009
115.708025472933
115.612903859909
115.518954034393
115.422212909058
115.323891725625
115.229693348028
115.134121293431
115.038647897252
114.945456019719
114.854487643347
114.764911297964
114.67377014665
114.581917739548
114.495409874319
114.410823924074
114.330054969475
114.244482547114
114.156425365735
114.073080127062
113.991960596459
113.910232726298
113.834388513591
113.758350326152
113.678112214535
113.603340907887
113.526742039867
113.448268473574
113.369066813902
113.289884166024
113.20849413942
113.132488882739
113.058575799711
112.982812899476
112.905966241091
112.828771801609
112.754122482678
112.679773439664
112.605230238166
112.530445643505
112.45875635982
112.387219848516
112.316241435636
112.249025955636
112.183785680358
112.121660012224
112.055601590728
111.988801794194
111.922431990544
111.859995380696
111.803152955945
111.747503012835
111.691795865782
111.642890398173
111.597571824549
111.555202560615
111.510646857974
111.465083749789
111.424613738849
111.384615422661
111.345338812042
111.310882150937
111.277953835374
111.246472560031
111.219325337242
111.195272458232
111.16779761124
111.137064358103
111.114937091268
111.092695235585
111.070740596995
111.053607837247
111.034409913612
111.018679756767
111.000710358435
110.98137648353
110.971790941796
110.960084839596
110.949757867199
110.936091780608
110.926282706483
110.920031839845
110.91541040011
110.908004996665
110.903559283338
110.900756115222
110.899054576005
110.898994364884
110.902466774434
110.906632257264
110.911835681487
110.915594940984
110.922037269627
110.93208539299
110.943614044686
110.957434397398
110.97097162374
110.989972711901
111.010375596677
111.033191704358
111.057284255235
111.083781569671
111.110117040186
111.135769704141
111.162702196411
111.187448914303
111.218806426297
111.25228434779
111.2798528696
111.311584517161
111.343427354002
111.373474417512
111.405234831542
111.437899611925
111.468818570303
111.501278892015
111.534271245574
111.570466230883
111.60760323585
111.642142545824
111.677385090315
111.711977979291
111.749449078734
111.789823893469
111.827749496829
111.862538061985
111.896371154084
111.934550132737
111.973010727767
112.009243481121
112.048627992655
112.08847223795
112.128200800064
112.167844717435
112.212054909508
112.257094565087
112.305045603874
112.352932463524
112.399971935878
112.445575799754
112.490284265203
112.535362088147
112.580924416795
112.629074252191
112.676339263726
112.721417799534
112.76617126044
112.807751878493
112.851157963508
112.900547006819
112.95052527013
112.999566796125
113.048581464867
113.098198013909
113.148531035619
113.197435007569
113.245974336022
113.295794473864
113.34323846466
113.393814711034
113.445394067688
113.497054617651
113.549162531299
113.599092587576
113.645931879739
113.695158853532
113.744935275302
113.793422058213
113.84291899726
113.892367292962
113.943816314814
113.993094807587
114.040902254322
114.080469533639
114.121277424967
114.167285395094
114.209763813293
114.253348556925
114.297098223914
114.335457291399
114.376921304069
114.419571774102
114.458979597668
114.495070136177
114.532072390337
114.568712593125
114.606632936452
114.644314116209
114.682022881155
114.722902747413
114.763478301678
114.800466628612
114.836116767276
114.871059744379
114.901700309988
114.93367536068
114.963945440088
114.992915227984
115.023807772509
115.054414393556
115.083632987587
115.114431981554
115.147630740621
115.178409629104
115.208734887238
115.236522652431
115.262215106869
115.289188737568
115.315453323163
115.340646455752
115.366193238632
115.385571524938
115.406333531056
115.4276293043
115.440770902661
115.452496930727
115.468952630285
115.485047877661
115.501360559748
115.516159447908
115.537184015497
115.555806182417
115.568382065316
115.586419088781
115.599139034613
115.609693002338
115.618598827632
115.626759466994
115.63471552065
115.638203777493
115.638072979679
115.636762005206
115.6364083801
115.636514797356
115.632104469996
115.626996502871
115.623097399304
115.618099634476
115.613049166024
115.608235953648
115.601839407978
115.596478401792
115.590236590949
115.581931495686
115.572622287409
115.560747529563
115.552651065317
115.543439105894
115.536910688205
115.53132098711
115.523679953556
115.513243542792
115.50200808065
115.484546396259
115.470418745026
115.459781646692
115.44492613638
115.429523546481
115.412034338624
115.389903034215
115.371896574053
115.352071726826
115.331117539179
115.310972781372
115.288205528447
115.270976956441
115.251399154804
115.23007785852
115.211507972895
115.190277657762
115.165260150012
115.141423026761
115.117657063086
115.095223859058
115.073131260608
115.048813043248
115.022142138617
114.996101856954
114.970625792405
114.945272374746
114.921237219013
114.89106160499
114.857355674014
114.826015742764
114.79421510946
114.759817203866
114.729111108069
114.69747691478
114.66372627924
114.633979970877
114.59747242336
114.560599378858
114.524698398335
114.48689878509
114.447264498645
114.406576025174
114.367512233669
114.329312032894
114.290886021217
114.253673739056
114.213213339797
114.173302310411
114.135206100031
114.092388723125
114.051465662592
114.013112849082
113.965554895651
113.923934393508
113.87810224436
113.832455302165
113.787518948725
113.740951230074
113.695580172103
113.647301434001
113.598070810805
113.551710589007
113.50555562019
113.454768764523
113.412360457616
113.363368467241
113.315879176313
113.270254995469
113.222153384969
113.17833846475
113.131138404593
113.082208436365
113.032661024253
112.977458481186
112.925173012789
112.875457329437
112.828175132663
112.781133253652
112.733501643071
112.688588333285
112.644695536147
112.598147171324
112.553167840387
112.508029506378
112.459962477584
112.414310067902
112.368955959846
112.328172015443
112.286973132832
112.245341193157
112.203988388944
112.162592490718
112.120814062161
112.080724455164
112.040850363671
112.001035785835
111.954740695171
111.910528468566
111.869825186298
111.825776220611
111.784193617104
111.745457975581
111.705145743925
111.666161836099
111.629518542091
111.59300677274
111.558791407699
111.522647133264
111.486703155392
111.455932437233
111.426823512394
111.401457333401
111.37443384093
111.347424376568
111.321698755611
111.293805815661
111.270668607532
111.252871889207
111.232357404538
111.214519188405
111.197594853528
111.180343856427
111.163379144066
111.148588748674
111.132452458028
111.116550349935
111.100706401765
111.086064417257
111.068523249992
111.051282243997
111.034055818925
111.018749327422
111.003826056687
110.987477644742
110.97358934107
110.957954136324
110.939282898491
110.92642556518
110.917553530795
110.908761974023
110.903458918864
110.89630685869
110.889927528136
110.884624225584
110.875640779221
110.868972983919
110.86088724978
110.851747767441
110.846691923526
110.844285803134
110.840439817327
110.838535967611
110.836946758968
110.833292279811
110.832344580312
110.831920640911
110.83258661327
110.836042827125
110.839191805897
110.841466008247
110.840342368617
110.840562213757
110.842585282827
110.848636036053
110.85792290179
110.86811086989
110.881540477708
110.893978968788
110.909200601952
110.922027781744
110.934801783195
110.952234912239
110.966667265666
110.982484693399
111.002262921124
111.02438968039
111.045331387923
111.06640013181
111.087754002294
111.11173589315
111.133885334442
111.156689769932
111.181107132767
111.204610070985
111.228726107697
111.254082409651
111.275012211174
111.295213650957
111.316571359835
111.337898969331
111.357821090604
111.379518932377
111.402593640256
111.426237121617
111.450340704329
111.477136493778
111.505243758339
111.531696708182
111.559626697809
111.585369934354
111.608590112128
111.635032437967
111.661341431747
111.685817927246
111.708711318156
111.7304060281
111.754252736809
111.777191489589
111.801744846256
111.826022286983
111.851721593193
111.876430434767
111.900385244162
111.927435844044
111.95792334694
111.989798211588
112.018915215192
112.049590467972
112.078170345019
112.10700755613
112.138007366745
112.166692154053
112.192793710939
112.218460489144
112.248025301929
112.278620538896
112.309259135651
112.337324546486
112.365501608172
112.395126145157
112.423626073838
112.455330423145
112.48909207751
112.523617748888
112.557841102254
112.593098848646
112.624927324732
112.656125239646
112.685834811385
112.715539051652
112.741133818494
112.768059164948
112.794350387062
112.818920778501
112.84386652558
112.864400923109
112.883849755428
112.901778567969
112.919561642565
112.939332994502
112.959499344878
112.977930067521
112.992458556417
113.007333640812
113.022966828809
113.037100874006
113.057654768882
113.072694880173
113.084609922931
113.099699601439
113.114587431509
113.126600379409
113.142090570237
113.159352355117
113.173379980104
113.186775008364
113.196399402462
113.203497223603
113.210964356053
113.218614136235
113.222606572393
113.226024759588
113.232555983996
113.237010372385
113.242965789012
113.250454887305
113.251810976019
113.251639660677
113.252657993829
113.252995762637
113.25311877357
113.250842434317
113.249158897858
113.246371467006
113.24304972112
113.239622408536
113.232927005268
113.228894580313
113.224176662503
113.218377109584
113.216404009809
113.217101428634
113.216499437038
113.213890880549
113.215323695657
113.213404260818
113.208792023252
113.202215461633
113.193655082609
113.185112835611
113.173087530184
113.163110900247
113.152879371384
113.14221584222
113.132078389328
113.120662845235
113.109650150212
113.101687077209
113.09015365481
113.074401177464
113.063165866698
113.046244525766
113.030692351696
113.013785547128
112.998515570721
112.983188218056
112.965905729663
112.949097501911
112.934173374056
112.918529683668
112.903899385742
112.889288450633
112.872776599662
112.853855790738
112.833247013923
112.813831792531
112.794532887807
112.771822018511
112.746632066065
112.724295780506
112.700895551059
112.680964578961
112.659622784747
112.635225104416
112.61323900811
112.593375302834
112.57354630363
112.551787805302
112.527661512101
112.502831312626
112.481371697812
112.458972973325
112.434107817531
112.407813751562
112.382338352126
112.356636864038
112.334143105448
112.310431284376
112.28128661408
112.252591086426
112.222037779184
112.191134714203
112.161761103547
112.13200127756
112.103384095375
112.077691614186
112.054127518357
112.026759667272
111.998098643019
111.970083209632
111.941453723137
111.912325007552
111.884264068613
111.857471102809
111.828484101204
111.799738803257
111.772250016103
111.749242598008
111.724786650467
111.698738911512
111.674785951944
111.649762189512
111.627744213241
111.599647156024
111.574117198118
111.550021278594
111.523147160704
111.491245986478
111.465383175932
111.440132462246
111.412689236593
111.386849316366
111.36374707726
111.339614310766
111.315991444033
111.291463327126
111.269662487052
111.244263471512
111.216792192449
111.192442406242
111.163566105917
111.136407074109
111.110928784012
111.085811528397
111.062327786439
111.039807052854
111.019098192541
110.998716239552
110.979203830278
110.9614624249
110.94510445011
110.928342312997
110.911991801037
110.898617880907
110.886257539774
110.876243343018
110.867681412537
110.862060121217
110.857460555923
110.850454277907
110.838668781531
110.824820260991
110.814900411161
110.806937314176
110.80028358675
110.793565860975
110.786770861977
110.781828881686
110.775125145253
110.765369544939
110.756438486738
110.752405166842
110.747962338779
110.745266712282
110.741556045497
110.737002097432
110.731535088497
110.722770099058
110.716372611334
110.711481081789
110.707957891879
110.706331822289
110.700010535035
110.697419387272
110.697655695447
110.695468737112
110.692352026297
110.689530043206
110.685439021147
110.683238643253
110.683182966696
110.686739020102
110.689768174946
110.691573990778
110.695140994861
110.699126451899
110.701715305281
110.707871363142
110.710666854976
110.714933781764
110.723930877593
110.73074560087
110.733616112664
110.740063687336
110.745787547707
110.748878368894
110.754266866952
110.760856735735
110.771593527357
110.779248221834
110.785762331769
110.797014327948
110.80626106943
110.818343991686
110.830454028291
110.842812224468
110.85768446339
110.871942159784
110.884215242525
110.898600081771
110.91423990792
110.928785082789
110.945750290751
110.960264327976
110.976697456789
110.994013828146
111.009452995835
111.024001394201
111.034899553679
111.042575740628
111.054511893934
111.068604237284
111.085847521365
111.104440656855
111.122030794462
111.140987471859
111.157512591519
111.173974536191
111.192423155584
111.209261631943
111.227602829808
111.246968971497
111.263960309874
111.283508628665
111.30440959408
111.322339894359
111.340304865691
111.357671410131
111.375856774687
111.394992499544
111.410619343484
111.425863011866
111.43895397638
111.451279278488
111.465458264771
111.48176413196
111.494314819296
111.509842065604
111.525516076043
111.540957501422
111.559090539221
111.573852517797
111.590358778534
111.604877241715
111.619708500253
111.633656730783
111.648404888877
111.659307117778
111.669784225856
111.679280617657
111.692660660045
111.705399922556
111.715021752366
111.723374532874
111.734464646368
111.747654351753
111.765185424699
111.781282637897
111.797860256891
111.811105093684
111.825053696073
111.842229267064
111.856892031294
111.871676446292
111.885343356493
111.899344608129
111.910044683921
111.920137828046
111.932934718614
111.948443150858
111.964830248974
111.978273548881
111.988644594299
111.999221125682
112.00984996986
112.02195249039
112.031736722332
112.034718144651
112.037906827218
112.042102489906
112.048748334221
112.052375384142
112.054269950958
112.054096932889
112.059333471806
112.065412873032
112.06944370706
112.075488838315
112.077536747269
112.078339570161
112.081015386064
112.081175354713
112.079730429866
112.08087991149
112.085074144196
112.087759435284
112.091528201705
112.098368108761
112.105540521277
112.111915153523
112.118727837
112.126179430499
112.134771855758
112.144914604675
112.151707497216
112.157425483495
112.164464910514
112.169987718395
112.174331013867
112.179013356247
112.183314900814
112.186259330294
112.189557148494
112.190568156373
112.191341965209
112.194235957667
112.193930907118
112.195893200554
112.196423986366
112.198429848871
112.199104012034
112.196192484628
112.191335565887
112.189753283864
112.188117386345
112.188019132846
112.186387347372
112.183008866653
112.178424139274
112.173373863911
112.170030348384
112.164740467947
112.158556688881
112.151796570174
112.143969780168
112.139536430506
112.133498862797
112.128032401249
112.125010496311
112.118181136662
112.112740271789
112.107389258151
112.098990729149
112.08671813249
112.074870915003
112.057140064489
112.044043531077
112.027183745538
112.009829381975
111.996363490575
111.981139185571
111.966002896427
111.952627269548
111.932530070774
111.915058723122
111.894999325469
111.875396854084
111.859202858168
111.842468210043
111.828086307945
111.814462572051
111.808193083068
111.801452280933
111.787426700422
111.779032954675
111.769811700558
111.760493231778
111.754135300829
111.743476014467
111.733231246143
111.721170324455
111.710079497677
111.698802344974
111.68641906782
111.674800773596
111.663861904711
111.650156657134
111.638130959919
111.628458936724
111.618084745503
111.607006496487
111.593685733224
111.578282539895
111.562413989537
111.547901608204
111.531097200437
111.51332089937
111.496790408793
111.480915916583
111.466009750515
111.452164996221
111.440823008087
111.431807085579
111.416735497273
111.403016971427
111.391176938541
111.376634092657
111.363373596578
111.350417216503
111.340812834835
111.329630539365
111.31766193312
111.304380097824
111.290620793035
111.274772187537
111.260224106789
111.243910413556
111.23240095228
111.214980464766
111.198066277533
111.185035909232
111.171670764612
111.158928785112
111.140884953161
111.127619994663
111.115329392305
111.1022812194
111.088663984412
111.078087043306
111.067616750923
111.055040437001
111.046940836321
111.034459627744
111.019068695695
111.004918724122
110.994921534375
110.987817276353
110.979820170604
110.970305846557
110.960969373814
110.952688480794
110.94394435527
110.936709629903
110.928358085333
110.920645323225
110.913701199241
110.906388498957
110.899959233246
110.890924223734
110.884388543551
110.88012824626
110.876257441672
110.874192649717
110.870536474621
110.86802577739
110.869036239914
110.871787674401
110.875043469433
110.875174117524
110.87430031105
110.873693144633
110.872463995124
110.869653938797
110.869756794671
110.872718590672
110.872920980344
110.874632025233
110.874353267771
110.872175573824
110.868267987165
110.867458381908
110.866695826418
110.864060924382
110.858911823063
110.853626613094
110.84785320427
110.843899259727
110.839908611432
110.836292710141
110.831587595959
110.827938248313
110.825159393295
110.825224993827
110.823923776485
110.823371917413
110.821813536181
110.818289124265
110.813338404123
110.809500079084
110.807024269913
110.80503302614
110.809510697531
110.807639148808
110.806194664034
110.805233670721
110.80463045302
110.804338022624
110.799603765433
110.79416943887
110.789579423478
110.78578181437
110.781710479302
110.778727814402
110.777814797782
110.778989329111
110.781683917126
110.785667275081
110.792744444104
110.803386106742
110.813578497851
110.823725579509
110.83273527813
110.838528177906
110.847265352937
110.858594786056
110.865954653003
110.873464662986
110.879974635393
110.890193046838
110.901261412808
110.908752421239
110.913749198024
110.921591358977
110.927881845703
110.933445236453
110.937697759942
110.94242368399
110.950577010557
110.958665310564
110.970174870363
110.983979383836
110.997560387623
111.012911189635
111.026491940342
111.040245536791
111.053407745157
111.063372109087
111.073685218637
111.083571576947
111.093381092588
111.102208229007
111.112265945666
111.122068277623
111.131537202009
111.141967359233
111.154198230476
111.165219152125
111.177474415517
111.193227364329
111.208818787911
111.223266486468
111.236392351138
111.24696115446
111.25782609313
111.266831118167
111.275092040983
111.282641582491
111.289821315323
111.298081045452
111.309259278797
111.317313436855
111.330150198456
111.341237547236
111.348651923523
111.357708453506
111.364745578262
111.370422996701
111.376048592343
111.382512835301
111.38878641763
111.394684371187
111.397165146958
111.401847990619
111.406506002314
111.411746229487
111.410237101313
111.413094361386
111.416677277351
111.416239176727
111.419741459655
111.420045404727
111.423133058353
111.431011296524
111.437550173563
111.443773994403
111.448414345535
111.450868601129
111.45620019505
111.461087739695
111.462065807729
111.466794619205
111.472964752014
111.473919594113
111.473811895783
111.476242179122
111.479347895854
111.478229149257
111.479652495877
111.48093395962
111.48310892601
111.483641755669
111.480818308166
111.475990226323
111.474095494703
111.473354285846
111.468935322878
111.466496427599
111.465319586277
111.46508167988
111.466620647553
111.464788496742
111.460503724445
111.458846278992
111.455918148846
111.458171443414
111.457720253081
111.454834099674
111.456865943458
111.462107349818
111.46615769005
111.465608106484
111.465658781522
111.465397641953
111.464367582597
111.463725565598
111.463516374186
111.46160054005
111.460010465666
111.457995010966
111.455856211784
111.45542020817
111.453384331968
111.454766274554
111.45223149086
111.447520231302
111.441341531444
111.438075400439
111.431964178856
111.427303890974
111.423695491514
111.419437913892
111.41431590521
111.410231231531
111.408342395895
111.4056744854
111.400068839823
111.392299407396
111.386727065729
111.383259355809
111.378485942878
111.371980318551
111.363289501047
111.355471819258
111.349805956711
111.345944277867
111.340886053793
111.335617800847
111.326265489601
111.317969035435
111.309960478468
111.299859668959
111.293319332165
111.287831638979
111.280777748372
111.274927346968
111.26881678158
111.265693065958
111.260308512776
111.255982638908
111.250236432322
111.244750408715
111.240398912416
111.238870109185
111.234083405552
111.228289112369
111.225528057677
111.219197207067
111.213685271337
111.206977646166
111.19993381281
111.191214553068
111.181176748942
111.174195015693
111.16545166804
111.161361497288
111.155586803214
111.148553827989
111.141824736687
111.134966235561
111.131591510868
111.128551890245
111.123119578181
111.116635849801
111.109928532659
111.101861458697
111.093710113694
111.081352331389
111.070102174723
111.055932665021
111.04065846576
111.022721702489
111.009958355319
110.996419157631
110.983659479817
110.97503984118
110.963901939662
110.953427160685
110.940530269953
110.926462431621
110.914675377051
110.905877698232
110.898861397535
110.891047624292
110.882762565266
110.874785234473
110.867898383703
110.862350329189
110.856536274812
110.852139019782
110.850763938678
110.848400424318
110.842391030848
110.834300928087
110.829505544058
110.828133299171
110.824057550628
110.821676913234
110.820280698148
110.816500629576
110.813229407971
110.80999478067
110.806361317074
110.804451000552
110.799683222085
110.797658956856
110.794952014952
110.790403515656
110.785046898861
110.778094777007
110.770214532842
110.762352288839
110.754836469979
110.744550770642
110.735794743639
110.72575854303
110.717603685812
110.712277271792
110.70627104464
110.703704129421
110.699492460752
110.695613545411
110.691985317489
110.685693274848
110.683572096123
110.683111362953
110.682558926289
110.683905617035
110.68644519995
110.687385340572
110.690241832877
110.68993738631
110.688807771185
110.689641758402
110.690157549705
110.690287958355
110.689752646314
110.686137895771
110.687940962027
110.690169482212
110.691755603202
110.69371750129
110.692594328392
110.69609746322
110.701367894918
110.704329842714
110.706771500245
110.706942746288
110.702954175003
110.701849096575
110.701464279126
110.699955436065
110.697626903061
110.694772012611
110.695698577896
110.697689057615
110.699952834291
110.704518854535
110.707473582431
110.710651719957
110.712712864739
110.712641931737
110.711653384517
110.712582868502
110.711106305281
110.710962959851
110.71174562752
110.714440588506
110.719381740024
110.726323544729
110.734779197561
110.742751264698
110.749207251652
110.754581865992
110.760311584533
110.765683927334
110.77045096949
110.775208535626
110.776956067532
110.780495408125
110.785361396241
110.792738437819
110.798410015316
110.80140464896
110.803876563903
110.80962653862
110.816781349103
110.821841039405
110.826389647662
110.831096608564
110.834726099337
110.839709434748
110.843711347193
110.849349590274
110.860040393302
110.871397130913
110.884439817695
110.89622516601
110.905043994705
110.915909824386
110.925339957055
110.932385162257
110.939775448462
110.943684346341
110.94926579517
110.955722440172
110.959811239553
110.964906399845
110.972382795537
110.981019744846
110.990689569503
110.996640763728
111.001558920285
111.010221890422
111.020788135401
111.030387067101
111.039360688574
111.049431574216
111.060324120252
111.067458504288
111.07479832974
111.086731559537
111.095383141914
111.100139428628
111.107440789528
111.113138389865
111.117989626399
111.123359329057
111.124513517734
111.132133783226
111.140408099409
111.146083325787
111.155007513473
111.161140314193
111.166086813994
111.172900009916
111.181000731599
111.193918041982
111.204453914223
111.213518968542
111.222361208247
111.233841007023
111.246922567273
111.255292739818
111.264602376548
111.275470560778
111.289134772774
111.301647508596
111.307711075999
111.310722368592
111.317973902154
111.326523039729
111.331033519422
111.335278295029
111.342193726529
111.347121716232
111.350656942111
111.357913320902
111.364356753395
111.37016665892
111.373139184003
111.379013073912
111.385779207734
111.392692262678
111.399640133631
111.400444096609
111.401924808411
111.406512521804
111.411841628962
111.415638718577
111.418725063332
111.419440009972
111.421814520329
111.421185424076
111.422396009153
111.428407492075
111.427597772494
111.425832924809
111.424227890902
111.421079480011
111.417807387838
111.41466307023
111.416914840337
111.417135232494
111.417928667905
111.420163902898
111.424077254796
111.426141515915
111.432068180578
111.436825922035
111.436307060113
111.435446408751
111.433083134048
111.432864852815
111.433865428871
111.436438930809
111.439714115873
111.435001328044
111.430794704583
111.430918776771
111.432903614375
111.433547059384
111.432733680102
111.432348399905
111.430120466094
111.430593422488
111.430671248841
111.435305342983
111.441947439698
111.44732265074
111.449212565603
111.45094092963
111.451423126319
111.450177080289
111.447112676857
111.442952829189
111.443001112137
111.444365688291
111.440587767495
111.43709001836
111.436029931982
111.441206113068
111.449462682635
111.454573408508
111.460114742947
111.464028534882
111.469693190732
111.475591064053
111.48011343906
111.482166459312
111.486092980488
111.488420486972
111.490330749972
111.492404731411
111.493323128902
111.492838429701
111.493071967101
111.489723253782
111.485330504387
111.482590083155
111.481253490207
111.480937402253
111.478949794676
111.478045839729
111.47827937304
111.480148934451
111.479453160193
111.481503890841
111.48126215575
111.483709648559
111.486404196469
111.485755305596
111.485803906092
111.484648433552
111.487096326651
111.488576613072
111.488469655675
111.489466653935
111.489206390123
111.491811600931
111.493415474618
111.491577121927
111.48881181579
111.486405099537
111.485880737634
111.484995744376
111.485523411249
111.483504413502
111.480753680032
111.478009693151
111.472070505876
111.467683485416
111.463961971286
111.463628492981
111.463658787178
111.461162520017
111.457154788258
111.454248477654
111.450872591831
111.447915371774
111.445073871427
111.440866227978
111.433874389247
111.428822655194
111.424017520015
111.420846097966
111.414448279592
111.405984485947
111.400904426885
111.392818910237
111.384021383436
111.37548449637
111.368157902074
111.360159778553
111.350109149709
111.340545602752
111.33120392716
111.324014566601
111.317933633517
111.309461643028
111.302571712064
111.293805242315
111.283775083237
111.272591742121
111.264095125547
111.255554089863
111.244184194919
111.235100742614
111.227031037036
111.219583022793
111.211877513616
111.205326829023
111.200624605763
111.195151279918
111.18730436137
111.18173359197
111.176586364385
111.174192064921
111.170955844207
111.169831944138
111.167217243356
111.16327676245
111.160364968192
111.157062976623
111.155575680358
111.151186706141
111.145764107746
111.142024705632
111.136598862734
111.129253689383
111.122937376836
111.114464586116
111.105993441992
111.098679317343
111.090630120489
111.083925561905
111.075830749297
111.072743527633
111.068843643815
111.066272533597
111.062845235507
111.057261101207
111.054309786348
111.05202543905
111.054740674256
111.056001562957
111.053009060492
111.054524002259
111.055853514946
111.055394977291
111.053578498401
111.050248884185
111.049451571021
111.044391831426
111.037039021772
111.029144600974
111.021633924661
111.014472354625
111.008806943997
110.99986397024
110.990175242645
110.982228060266
110.973923241893
110.965854154977
110.957736283657
110.954087613417
110.953890472883
110.950461669778
110.94725389544
110.943736301554
110.938539364779
110.933832002805
110.928469135309
110.921995521878
110.915956818201
110.910881867888
110.904896444933
110.89708412333
110.885704479365
110.876948746683
110.870748304805
110.861570391148
110.856662559931
110.851951065699
110.848337342924
110.848030046802
110.843861651155
110.840624738392
110.839215106722
110.837733971001
110.835474345006
110.834952072323
110.834091858186
110.832391224267
110.833069715746
110.837845898774
110.842662935899
110.849996885802
110.857742590305
110.86288018876
110.870575151544
110.882000925533
110.893533284812
110.909833071393
110.922397146309
110.934925426234
110.951774372948
110.963392457776
110.973244645829
110.980215287385
110.988718505984
110.998273017904
111.003990498549
111.008879844698
111.014257858991
111.021111524378
111.029788195137
111.037113051602
111.042686466038
111.04888252671
111.055688101502
111.06055015257
111.066884518668
111.07528284096
111.082676575388
111.093030564275
111.10257707121
111.109665569056
111.115837022006
111.119512071376
111.126023929135
111.130691596856
111.136621235397
111.142167268037
111.146402506822
111.148674488218
111.152446052392
111.159116733504
111.164311619608
111.170384991039
111.175599697373
111.181166179886
111.186063874247
111.18869334439
111.191793256184
111.193462283759
111.194093183339
111.19389717429
111.192213547964
111.19184429492
111.190898690759
111.192477078634
111.193138429867
111.193117198493
111.195977936471
111.198382338446
111.193984736025
111.188926013482
111.184693849689
111.18240495062
111.180740820048
111.180734395249
111.18209215878
111.184819998317
111.18842719802
111.192012592357
111.198755665111
111.208527654037
111.218503830923
111.227525487425
111.23520819769
111.245224781479
111.254973317998
111.264109049885
111.274960461371
111.284007395367
111.296023321247
111.309436339419
111.324675811976
111.33970659345
111.352315682387
111.362502277124
111.374417098697
111.386426339495
111.397251457305
111.407045727285
111.419135994716
111.430132835939
111.44586993328
111.458952003082
111.47074289459
111.484796175659
111.496268076629
111.502683715535
111.508855032457
111.514272865131
111.520685560921
111.52531647388
111.530563353291
111.534417870552
111.534935931854
111.535159642637
111.534330150429
111.535722188797
111.539614248322
111.539918863145
111.541072466057
111.538023154077
111.536057764794
111.53395021979
111.530216978337
111.529364906145
111.528849195137
111.52988078512
111.534567271605
111.533189002161
111.533005769973
111.53665732382
111.539768651224
111.54333924218
111.542317400338
111.540609567714
111.544864321925
111.545782799202
111.546388589945
111.546916084997
111.546650045208
111.545897407481
111.54514151596
111.545461599268
111.547220261642
111.546501787397
111.543942742415
111.541436467053
111.539916612173
111.537940092547
111.531161287867
111.529233949084
111.523705874121
111.516838405874
111.509816019627
111.500202751397
111.490095465969
111.485051729404
111.479128074403
111.473060420087
111.467254364794
111.464080620214
111.460743836788
111.454800941667
111.449631807736
111.441353375036
111.433775910658
111.430159749973
111.422633678947
111.418363691678
111.414480737501
111.412497674585
111.412451952675
111.412929748377
111.414407312607
111.416868601776
111.424001115832
111.435755068994
111.443196753438
111.452521065554
111.464181469476
111.474122344361
111.485755425764
111.492936165219
111.502865433042
111.512321688734
111.521342574992
111.528733975559
111.530863247778
111.532333108815
111.532154618
111.532185209327
111.534743185909
111.534311894571
111.532194989394
111.527669107847
111.521128120773
111.516630269422
111.511438517396
111.504828226475
111.49837473825
111.491637016006
111.485940751463
111.477808002515
111.470204842409
111.463709172585
111.45588795858
111.445212702457
111.433288552834
111.427519170618
111.421694032895
111.414423942282
111.410453880629
111.405401581169
111.397604099329
111.387334534655
111.377442147821
111.368256363426
111.359147246656
111.349791690278
111.341008000026
111.33334457335
111.324121130138
111.315819501123
111.307674399961
111.295861622669
111.284273027988
111.272738579154
111.259665620139
111.248111075804
111.236875647608
111.2245516812
111.214250618198
111.205520110257
111.194115753298
111.186231368924
111.179820317614
111.17333000909
111.161879668953
111.154611626156
111.151664614572
111.147186013566
111.143836505325
111.137551226366
111.131734138391
111.128981215293
111.124808462849
111.120831054364
111.115353101031
111.1102890367
111.11038541418
111.107189325706
111.104994833942
111.103171744608
111.105556161966
111.1068383842
111.105543582273
111.107834641066
111.110561666763
111.112541807066
111.112919851621
111.114938634571
111.118378288455
111.120782854207
111.122631276086
111.123739214809
111.12159634086
111.117780849597
111.115947206929
111.116235642565
111.113597082472
111.109295527774
111.104302746966
111.10473707573
111.104921574514
111.105886323634
111.105706800642
111.102710057338
111.098691752883
111.0932408807
111.08459238291
111.078097696953
111.074509142282
111.067059743778
111.060794703196
111.056364783925
111.051889700764
111.049976961783
111.044930174333
111.043089210888
111.040462325393
111.034324217819
111.027059320784
111.024363952377
111.017809100237
111.010497479166
111.000573223039
110.988296765249
110.976089005764
110.963543461927
110.956281492439
110.948436806635
110.93783392675
110.92835650888
110.923448562823
110.915181670484
110.908041759443
110.906297546989
110.904920657587
110.901038829146
110.893556080682
110.891766709425
110.887217835189
110.885911807952
110.884591939481
110.883434071546
110.882768881263
110.878587556085
110.876584867361
110.877724870464
110.879065763218
110.879171295962
110.880080648027
110.87729423644
110.878337313384
110.877328201341
110.876757167721
110.876981106773
110.87447495746
110.874224956908
110.878394120158
110.881099274456
110.883556330714
110.885524601393
110.889625601403
110.894425701634
110.895610458185
110.893247219981
110.889014431199
110.884976899521
110.884197603466
110.884004262181
110.884908798573
110.889409893422
110.894542611142
110.896591035529
110.897903146301
110.898732667824
110.899679083349
110.902049379806
110.903547989571
110.906246218273
110.909529205149
110.911205881037
110.91425857043
110.91776939499
110.92010159936
110.922172083774
110.926087974339
110.929976125799
110.935579429437
110.940132783295
110.945940351211
110.952844919749
110.958770685832
110.962317495958
110.966308441814
110.965695433864
110.965901994291
110.965823417418
110.963793290353
110.959981853871
110.957650053198
110.956521415622
110.955803316518
110.952199653947
110.946830088019
110.943079823932
110.939656943706
110.935093229477
110.928675764026
110.923202204939
110.916849679089
110.912370060767
110.907677702753
110.903377190317
110.898648768363
110.895364365386
110.895569618566
110.897132302149
110.896401239954
110.897124319283
110.895855967809
110.895728498122
110.895282615022
110.895891624544
110.902602999333
110.906816304351
110.911967262731
110.920834595025
110.931990621752
110.943244180129
110.954144588756
110.965868747755
110.97988152329
110.992310506667
111.00525204977
111.019416290737
111.031554975588
111.043473257999
111.058315023997
111.07371535837
111.085593591173
111.097206356312
111.10770311086
111.120004989433
111.132622868464
111.142534525212
111.154382586962
111.163565014922
111.173993751859
111.184645162345
111.194941087434
111.207178755729
111.219305746731
111.229372508668
111.239254055793
111.248002536195
111.257698677422
111.264171324781
111.271655063787
111.2786720873
111.281993546509
111.283851777285
111.286091105377
111.291604438921
111.301424279226
111.308013802578
111.312435110033
111.314812639278
111.31580896793
111.319749418057
111.323893958397
111.326023626222
111.329866095348
111.333675994738
111.335121630526
111.339778269128
111.347290309968
111.357540876143
111.366477763017
111.374122310069
111.379609754439
111.386549631599
111.393369874781
111.396291225213
111.401218240384
111.407856557594
111.413594425376
111.418851245609
111.424203430474
111.428965602584
111.430806634301
111.431632338934
111.435765924709
111.438427333581
111.440740697863
111.440816350565
111.440112525191
111.438423482724
111.438784031898
111.440728981269
111.444089273649
111.441111172246
111.440805152894
111.44471646659
111.445480005252
111.446637758832
111.446895378274
111.447248551502
111.451248147769
111.454889979947
111.457690659605
111.460407500469
111.463315403388
111.465938134166
111.469734793268
111.47238294927
111.479142828972
111.483255658141
111.487145008473
111.4910188262
111.489860829764
111.48941587391
111.492360708957
111.494052830613
111.491685123659
111.490450000793
111.484432348437
111.480390855071
111.476228658751
111.465486904839
111.457925385663
111.449893537216
111.44587425823
111.440364394632
111.432521028322
111.426721532769
111.420724007125
111.417597181242
111.414412586982
111.407293890926
111.397006298088
111.386095170421
111.378006124161
111.375817016422
111.374009512968
111.369600189288
111.366044693304
111.360234211488
111.35304802396
111.346449406696
111.33902111633
111.329089867538
111.323745755735
111.319113443729
111.313348359618
111.305930285403
111.298506248633
111.297459743398
111.297397992483
111.291897947155
111.290648526459
111.287080691422
111.286183675153
111.283033579807
111.280338617244
111.278409283762
111.275978087588
111.270391177197
111.265809599734
111.261817170126
111.255059091295
111.24863315969
111.241041114527
111.232344861087
111.22634892569
111.220267058954
111.212790843583
111.205115341786
111.199725676055
111.190073127725
111.181968809767
111.17551004081
111.167732144729
111.159514594086
111.152852951082
111.149467217281
111.143246538753
111.136857231265
111.131490431557
111.129028384665
111.130129883268
111.130989768157
111.128066928783
111.12325135302
111.118444454497
111.112756997734
111.110832782625
111.111323583878
111.109448498113
111.105570560869
111.102578195814
111.100868882538
111.099562719729
111.098434832779
111.096933698231
111.097618132126
111.096440150837
111.093350557009
111.089015382134
111.082486134671
111.078913403379
111.077808867845
111.076959088336
111.073825250014
111.065620053011
111.061116070112
111.056249844543
111.04908133814
111.043031815151
111.037713371481
111.029868527156
111.020659293286
111.016022285571
111.013023933527
111.00733685284
111.004838218927
111.004013186209
111.002433043517
111.003819233743
111.007183999703
111.008858464402
111.013235041936
111.016637097223
111.019216551568
111.027751499838
111.036069123534
111.042752430411
111.04887914804
111.047805393921
111.047494456369
111.050302024373
111.055268469074
111.05516533851
111.05393989189
111.05251800317
111.053898409331
111.051017385982
111.047892113562
111.044843627047
111.041371620036
111.040416717144
111.044213103032
111.047595738199
111.049343148127
111.051001476051
111.052276485143
111.052341190943
111.054969425486
111.059552440394
111.062403041624
111.066332488259
111.067898844362
111.068448796905
111.072816970933
111.076975777724
111.077459913918
111.079397286022
111.085052221393
111.089259478041
111.09383407452
111.097588676882
111.097528615426
111.09850466912
111.097551014524
111.095523455688
111.094336569967
111.090358487288
111.083499125826
111.079464585409
111.071676962145
111.067544407744
111.066959986135
111.066971561948
111.063688932615
111.061685461608
111.060737097697
111.060558892151
111.061082645645
111.063157507968
111.070541866249
111.074729570152
111.076233010319
111.080205391087
111.084252682225
111.088881072932
111.097784411347
111.103806436367
111.109813188488
111.113114955986
111.118726829725
111.126527316584
111.132693678045
111.141082466619
111.149354670487
111.158230586401
111.167892504689
111.179884549874
111.192058980879
111.200798188459
111.20658187086
111.215323847698
111.220836289075
111.226617232718
111.230703316748
111.234558846035
111.243890776214
111.249057383758
111.251420162032
111.258094637977
111.266796868364
111.27389145733
111.279000367352
111.282191703442
111.284143012667
111.285783936731
111.288850765147
111.291599766793
111.29546889257
111.296610874613
111.297065154959
111.300084203786
111.303858038847
111.307250284264
111.310095021658
111.31075250449
111.311583480899
111.310532435618
111.310444097919
111.305113114146
111.299735124648
111.29718285625
111.29286971187
111.288354432407
111.281887771016
111.274166408194
111.26351180699
111.257410194238
111.251126898498
111.244162894452
111.236820679483
111.231846526836
111.225245885193
111.215421477663
111.207854578403
111.202922912893
111.196430268894
111.188557117921
111.181285819845
111.17423726089
111.170316455557
111.168840496599
111.162980478739
111.154052371305
111.143167151901
111.13394319488
111.124965836084
111.115168997992
111.105966807432
111.094954892252
111.086286879002
111.079063747712
111.072382247107
111.064808452279
111.056933084362
111.053485464095
111.050152855087
111.045857445595
111.042555353935
111.039821849988
111.03844625742
111.039198710916
111.041085231494
111.039896581572
111.038702079018
111.039200769824
111.039348289761
111.037659167423
111.035085533389
111.035040019089
111.032540444181
111.029705873844
111.027773875418
111.028309240003
111.027836907182
111.027084430845
111.026817103058
111.025832871455
111.021038455926
111.018903653438
111.017133524052
111.014332495019
111.012283085191
111.007469760414
111.003598723092
111.001487819494
110.99758351066
110.994768624461
110.989532857068
110.986409470853
110.985282636907
110.980832051
110.977205014432
110.973076311631
110.971818583168
110.970924860616
110.966137910956
110.961780396164
110.954289211486
110.949705978719
110.946674861463
110.943371167615
110.937239602479
110.929764233513
110.923493297225
110.916540454707
110.912716378443
110.907968492288
110.900856876576
110.893157930858
110.880956188948
110.8673629275
110.858155591151
110.85073938294
110.846788954136
110.844999133725
110.843590294427
110.84130860212
110.839141678598
110.83782367958
110.839438593051
110.841614850843
110.84531881479
110.848079391364
110.851193518421
110.855933559355
110.858851328468
110.862904973198
110.864618771467
110.868166261683
110.874308606014
110.884204947259
110.893506940318
110.900230215424
110.905813032976
110.909689215403
110.915213858724
110.923864965701
110.929912044423
110.938176749412
110.944733278371
110.949259681557
110.954698369662
110.957590303764
110.959873319119
110.961435985878
110.96394076937
110.968445014988
110.969147799589
110.9710026044
110.974874647349
110.979943061008
110.985564480235
110.995712091656
111.003407064182
111.010588344181
111.017541947638
111.023379533465
111.02963066815
111.034873732868
111.038549476396
111.044073754874
111.044701154711
111.046541100203
111.04734724535
111.052010923376
111.055442630655
111.052363413703
111.052899217261
111.051769225612
111.053810678575
111.059377126326
111.063327596853
111.065441154477
111.068090015412
111.069740633303
111.073576829419
111.073486218623
111.074265558098
111.079902519053
111.085936547623
111.091225823411
111.101640374086
111.107719456683
111.115875663571
111.125349082769
111.135847012378
111.144669708291
111.153292654487
111.15865148418
111.164850708965
111.165655121252
111.166741166198
111.169885299304
111.166485927585
111.163389100863
111.159407003335
111.154903010781
111.152564014871
111.150444049645
111.147934191667
111.146880810357
111.144274703754
111.147417646344
111.151158227337
111.155140482398
111.156901082574
111.159608891006
111.16469724029
111.171243611239
111.180520449878
111.191386463102
111.200730359574
111.209534652018
111.218337480094
111.226225860261
111.234148176493
111.241111413134
111.245342338713
111.253138538351
111.263640587556
111.272324464365
111.279123021318
111.284570964389
111.289713846655
111.29842671532
111.30640937698
111.309506502898
111.314155512087
111.314670969483
111.316831326043
111.325377849292
111.328209041497
111.335354108333
111.339536478891
111.343940934049
111.350516992899
111.351005493337
111.35708021932
111.363524528904
111.371401370455
111.380514109859
111.389986139192
111.397750049116
111.401967359741
111.404229691064
111.406163601255
111.409441657113
111.413671191951
111.420243856743
111.426774579293
111.432916358098
111.43795725412
111.442151553581
111.444310291299
111.446340245535
111.451314935265
111.452169112524
111.454732358218
111.461502128816
111.465581762033
111.468276633056
111.466702156748
111.465919797037
111.466253273
111.465508306496
111.464980897269
111.462028506367
111.458565698485
111.454239212936
111.450557305113
111.441691100918
111.428499936014
111.415126625988
111.402356599995
111.38952292815
111.374961331661
111.361498740664
111.352462754115
111.348805909861
111.343302820422
111.339312301116
111.334235675811
111.330228114365
111.328533734773
111.32623800672
111.319689615912
111.314551123696
111.315513987508
111.313163726862
111.308099951585
111.302578646587
111.298029068643
111.295030798997
111.285202951192
111.276956560557
111.268685240561
111.261510056005
111.25680904382
111.249301188873
111.240036096314
111.22983078569
111.219588091184
111.210584991195
111.201862832844
111.192237590446
111.183893982526
111.171364646338
111.161819933016
111.150742848041
111.138047230765
111.126986236542
111.11451329383
111.102798589427
111.091542797944
111.083119305268
111.078815948764
111.072095807054
111.064467413601
111.056590524119
111.048390358578
111.039426182645
111.032465845783
111.028426958077
111.021623070919
111.017472886817
111.011754769947
111.007429755899
111.003204427161
110.994643234275
110.990989475362
110.988185662486
110.98379510782
110.984180945847
110.980029419182
110.974842766795
110.968053346445
110.962462053198
110.955945900042
110.946423750779
110.936657019656
110.924645721921
110.909859633909
110.897124488084
110.884242750964
110.871562774837
110.85572352529
110.84247449359
110.832874368922
110.825136938391
110.820139897966
110.81368799123
110.80670745887
110.797525583213
110.785821483089
110.775076624512
110.766132432168
110.75640032831
110.744004744887
110.732333536877
110.723039191884
110.716648103039
110.709682728103
110.699262291863
110.691593944314
110.684627067564
110.681226326475
110.674352580058
110.669862258632
110.665842577407
110.65724545957
110.651083953215
110.645583419413
110.640145812007
110.634774315671
110.628584323743
110.624432631086
110.620761875166
110.618406647402
110.61758934424
110.615910770293
110.614338303262
110.615070053149
110.619115955475
110.622007901108
110.621439510536
110.621761294899
110.622156856144
110.624531835534
110.626836491066
110.627209755223
110.628271735681
110.628028703608
110.627882517244
110.631320191595
110.635717706389
110.638423759308
110.640682954208
110.645251540241
110.649475841379
110.653493201114
110.658262471599
110.66045341778
110.661572612195
110.667113269418
110.670850196434
110.673480692875
110.678764174291
110.68340778522
110.686933930434
110.69293245159
110.699533720605
110.701768023721
110.708264210849
110.717304334959
110.726756696152
110.733711442513
110.737484625672
110.742199503794
110.752288062031
110.759499169473
110.767298170301
110.773565745159
110.7767227003
110.781800515898
110.788594060191
110.795804796801
110.802035519426
110.804421869097
110.810230237978
110.816965729007
110.822634434573
110.827926153784
110.832222026092
110.834564361999
110.836160223138
110.837164782906
110.836475378517
110.839988140092
110.843060738632
110.847519910983
110.851185041884
110.858222243485
110.864516514235
110.870963586184
110.877232753066
110.886809170643
110.894132870356
110.903183780092
110.91493121851
110.924123851699
110.929805035519
110.937467988792
110.945049381155
110.957440440697
110.966802671016
110.973830138219
110.984461522853
110.994279995792
111.003589297939
111.013680941842
111.022101745509
111.029395452023
111.038692730188
111.044646032687
111.047377518242
111.053413942258
111.059450621653
111.06516565111
111.072183401602
111.076785241052
111.084470881467
111.089260153214
111.091981923935
111.095654787253
111.099947332832
111.106311036106
111.110922486953
111.115250630215
111.11762446778
111.121223484237
111.123881250456
111.125502628693
111.125877442409
111.127737907246
111.132414081812
111.140435846416
111.144301822409
111.147604455512
111.15137520931
111.154522376427
111.157455464378
111.16273408788
111.16740323396
111.173719411023
111.176962826931
111.181311712242
111.185024761424
111.186139474949
111.185898855139
111.188095549227
111.190698679792
111.194000555103
111.197871888181
111.201365184925
111.206343114884
111.211189765976
111.217123774176
111.222863965021
111.232411995788
111.241233713806
111.245970490305
111.250157604731
111.254825467079
111.261533505685
111.269555746904
111.272675709914
111.275622312551
111.277099076899
111.277957745493
111.280217710142
111.280529214168
111.284407916109
111.287933978833
111.291248329076
111.293750460273
111.295954124055
111.29673829611
111.301715019828
111.305900808175
111.308909078745
111.310309459029
111.311663618893
111.316545620452
111.324762323595
111.333462757554
111.339435833671
111.347180287293
111.355346944374
111.36391342643
111.374082628641
111.384100846406
111.390540029766
111.394685513344
111.396815125061
111.402333260149
111.406555576477
111.410395472245
111.415324975726
111.422268115567
111.428230326686
111.431411432285
111.433781597742
111.434477849362
111.432917479619
111.430999656012
111.429396439961
111.423040050384
111.414845939326
111.40913284692
111.399505383859
111.389092896432
111.380010721389
111.371767740777
111.362065641144
111.351343047407
111.342296639417
111.32947894053
111.315223455639
111.299847009437
111.283132396117
111.267950745381
111.253457686321
111.24102101079
111.229248814438
111.214388109271
111.201494893777
111.184872154276
111.16940432534
111.153310240329
111.141223957918
111.131743849702
111.122077800341
111.113724431201
111.104969489222
111.092398505345
111.080859953537
111.07446588171
111.0643374552
111.053647669645
111.045320197507
111.035424828894
111.028143566649
111.017897199968
111.007734467335
110.996162569402
110.985674559925
110.980056656173
110.976059550118
110.974393038356
110.974659684465
110.973608934971
110.974991327394
110.973408353825
110.975716783039
110.975732666494
110.971420008889
110.963970443694
110.957617206596
110.958520033246
110.959284032174
110.960187935717
110.957174109537
110.95236397482
110.948794272942
110.947620646199
110.946753458624
110.947083239197
110.947212737713
110.948393517305
110.948131219366
110.94581268077
110.943714748966
110.94056759175
110.934749344054
110.931309444106
110.927704210872
110.922180482247
110.915815885868
110.910850867805
110.907143722703
110.902885830034
110.900557752597
110.900863518753
110.900887202847
110.89900960223
110.893571032817
110.891691964527
110.891922291816
110.892435778464
110.893282755044
110.893412190656
110.893045590924
110.890533860276
110.887109603686
110.884390453736
110.8844746289
110.887580627928
110.889856487493
110.891563059962
110.891714067807
110.891026310475
110.889544674285
110.889602091449
110.892448543879
110.894467453495
110.893154686936
110.890423063855
110.888064926211
110.882623040243
110.875808376371
110.873048940076
110.866947229646
110.863163538619
110.85988910514
110.856979681587
110.853434402202
110.847833380459
110.841299054072
110.833898983202
110.826883184603
110.825552154342
110.823909384869
110.826400339973
110.826406214735
110.825458387555
110.829379124227
110.825808238938
110.825263354529
110.827105957922
110.825859061485
110.823920002625
110.827866420154
110.833113949622
110.838494015379
110.841379744116
110.847966707118
110.851091934442
110.854174512764
110.859559174871
110.865607875802
110.86967854015
110.877013564399
110.885753598429
110.891918207333
110.900530236694
110.908471644863
110.915997281404
110.924344738553
110.929848578688
110.93386526311
110.938794340143
110.942810834015
110.946690946177
110.951905302403
110.954972326823
110.957428747979
110.958569978707
110.962922036867
110.963095309877
110.967431127778
110.975145350752
110.983020458742
110.992540193412
111.002490429555
111.010215283469
111.016329804236
111.023573838264
111.03265012657
111.042693336989
111.050605389729
111.056455875436
111.061648223753
111.067746489181
111.070358335857
111.074659889193
111.081876920873
111.087952181625
111.093521345676
111.099441770487
111.105044063262
111.111949748983
111.115828758396
111.121359100274
111.128334230299
111.134947444865
111.141955353929
111.148287883181
111.154514239532
111.158912836249
111.162562132733
111.164345795394
111.168965289331
111.175315749264
111.181609406586
111.187931524496
111.190875367795
111.193704463161
111.197028760504
111.202538761356
111.204676551411
111.208552057611
111.20939439875
111.206626767798
111.205219814557
111.204892492202
111.205599198426
111.204605229427
111.206277490194
111.208504825926
111.206552277107
111.207747933459
111.210956903611
111.213259464068
111.216042042006
111.215431815113
111.219983039433
111.222838379664
111.227419410522
111.232668756792
111.235764715596
111.237418049816
111.240434875024
111.243172392907
111.242125217965
111.242867437
111.24699645901
111.249178951022
111.248227038194
111.249324032418
111.249666822532
111.252141107924
111.255397289293
111.258404282489
111.262675138313
111.270698736396
111.278829993397
111.285334544701
111.289227309872
111.289577958108
111.291826292881
111.298536329011
111.300331811781
111.301972149861
111.302557345581
111.307151094212
111.310168084739
111.309975419284
111.312573148223
111.31307923008
111.313952112684
111.316712050735
111.319015190151
111.326086043214
111.332856176858
111.335639090315
111.340069045023
111.344781382898
111.347266861043
111.34736319263
111.349261010326
111.352858103784
111.355863213336
111.35636014696
111.355589474463
111.355186272647
111.356465464287
111.354286327717
111.350210217061
111.34574116567
111.337442123468
111.331110839396
111.32169569115
111.314667737683
111.309611988536
111.304634714212
111.299139862908
111.29554114407
111.292787858669
111.294901667644
111.302440011202
111.307726282365
111.311463985303
111.313568387306
111.314649059677
111.314563411685
111.310162720773
111.308441454274
111.309027106268
111.308031846663
111.303693150984
111.298999602145
111.297351559115
111.295753670198
111.293929416221
111.292981543057
111.291843731909
111.289147281271
111.286011285347
111.286399872763
111.287109695442
111.289438268697
111.291542622665
111.296097711635
111.295682803493
111.297970852579
111.297300080391
111.294962379532
111.297492654032
111.296919198412
111.295474277409
111.295984533413
111.295452585305
111.295249904979
111.293023126735
111.288449359067
111.287562235007
111.284809331811
111.277412677294
111.269793381146
111.261818228106
111.250840065932
111.243340793275
111.232739353983
111.219659555619
111.20529188579
111.191598983171
111.182808857353
111.172150091473
111.159742622258
111.146559039288
111.135124802168
111.125640437791
111.110929647103
111.096754736915
111.084720420552
111.071453986052
111.05542687297
111.040315623407
111.025798710406
111.014270566071
111.003761247744
110.99752443903
110.991672856027
110.984693093148
110.975502253084
110.963636032396
110.954853596315
110.945812391243
110.935084198103
110.924333461621
110.915654853855
110.904697277257
110.891444887049
110.878066245176
110.862375038238
110.847963214978
110.835309942536
110.823341387628
110.812304923055
110.801542297427
110.793626708386
110.783756250339
110.768687907446
110.752832453216
110.739325789378
110.723850957831
110.711233945276
110.698241164453
110.685291080054
110.669398018527
110.656966233233
110.644740513223
110.630398015622
110.617093600197
110.602855681502
110.592600820627
110.582807858441
110.569919145619
110.557812456608
110.547619936658
110.539490813
110.532587626441
110.527236915586
110.521584792028
110.517753030031
110.514843160247
110.50700366034
110.503745027119
110.498743349986
110.490508020063
110.486180324694
110.484447023034
110.480565694638
110.480641552833
110.47927475441
110.472693207295
110.468895395925
110.470989432104
110.471230993513
110.469859170519
110.470007281885
110.46652363483
110.464501384852
110.462972304458
110.463986129123
110.46381921566
110.460212396763
110.457432296137
110.454762134542
110.450489878828
110.448492242159
110.444729305112
110.442760874011
110.443697853833
110.442416814557
110.437870758827
110.432015358155
110.431492251512
110.432616820734
110.433039096233
110.434539744468
110.437224660177
110.437931177048
110.436951905344
110.438314039713
110.442026847115
110.44065900683
110.438282214333
110.436900193814
110.434041906154
110.430672417492
110.427538925163
110.424746410924
110.41940032066
110.412826194357
110.408596126422
110.402874746051
110.394884090837
110.389042646427
110.384249197916
110.378591968917
110.369888231627
110.365098735325
110.360869487502
110.357795114928
110.352627362031
110.349346191002
110.350172819609
110.354170207819
110.354784984532
110.354471205186
110.35890387861
110.364344046072
110.373729459766
110.380725854573
110.386940745426
110.393942914989
110.402748774598
110.413402462735
110.424737084306
110.436561495215
110.447333938479
110.460633354544
110.477506300803
110.494170024652
110.510271156338
110.527085043291
110.544192620238
110.5668631605
110.586710380416
110.601485600118
110.61387927003
110.62731903267
110.640561499434
110.658133170596
110.670938404056
110.682592622787
110.695965343704
110.706671754336
110.716827559427
110.726449916973
110.735340654517
110.746088294824
110.752778588404
110.758116732716
110.762265462922
110.768832386444
110.777668159091
110.784193284868
110.789861247838
110.795053804468
110.797888643622
110.802522029868
110.807769140928
110.81569595926
110.82416007553
110.830040238606
110.834445504876
110.834625795925
110.839697724433
110.846971624895
110.853998128912
110.860115290155
110.864618189158
110.871897723716
110.877680766385
110.881735561287
110.890157462915
110.895348133979
110.898708072262
110.904952801262
110.911869107686
110.918677084012
110.922766460318
110.926880136298
110.929990135335
110.933143801425
110.93704815418
110.940272202996
110.947156783034
110.955510674094
110.970757006597
110.983913331564
110.993719977534
111.002628143361
111.008029446962
111.014344547741
111.020802925173
111.025556023438
111.032264387135
111.039850494033
111.048544806888
111.057137937692
111.065833551079
111.078375481141
111.087382975633
111.094787144629
111.104243291879
111.113738773717
111.127672886312
111.141043452978
111.155258777709
111.173945097831
111.190732458477
111.205955605445
111.221136476005
111.235158006168
111.251179695131
111.263851400267
111.269767652439
111.281941114131
111.291785700299
111.301340304109
111.30699564012
111.309927112255
111.310703447243
111.314922949711
111.320207520944
111.326113998916
111.333616709221
111.341238383061
111.350298504376
111.360835241111
111.365128023196
111.367906186115
111.375136734547
111.382626661055
111.388976459899
111.394694016906
111.399016151189
111.404826741139
111.410362863901
111.41438570013
111.4156283765
111.413953143843
111.41090158831
111.40519618118
111.395066893067
111.38968383141
111.380201734316
111.372285401596
111.367546263595
111.360122228764
111.35367652735
111.348185533159
111.338298766162
111.331877298831
111.326209648788
111.319029865244
111.313403092298
111.310263444641
111.305906155165
111.301318391258
111.295576003099
111.28902242789
111.281407342392
111.27159753447
111.261891009601
111.247551867692
111.237711713702
111.231938970526
111.221435145108
111.211117697756
111.200727629589
111.195417639841
111.190972694915
111.188210990263
111.184720795442
111.18038719529
111.173918660979
111.163996926412
111.154988627565
111.149452886126
111.14349870059
111.136868135472
111.125555958621
111.113445768111
111.101082356018
111.090394475602
111.078655393542
111.065522004284
111.053932429218
111.041994553204
111.031787512687
111.021183754241
111.010146022825
110.997575120592
110.985869689825
110.976846683291
110.968838832105
110.958219035206
110.948266352464
110.937651716847
110.925747183676
110.918028835497
110.914123110233
110.908016722452
110.900225923577
110.893332980622
110.886457469185
110.878820815797
110.875882868047
110.872827268768
110.868210473402
110.859492179976
110.852162822727
110.848432660051
110.843267477169
110.83618637589
110.827693055467
110.820216742995
110.816979011048
110.811286468263
110.807552843588
110.80052396778
110.792442380823
110.787322736436
110.780336083964
110.770669618002
110.757038856203
110.745866734163
110.73300400923
110.72180547915
110.707475884999
110.690361845804
110.676240470074
110.6639953886
110.651294007284
110.640991912935
110.630733102159
110.618297331021
110.609252573907
110.599608183834
110.589578113453
110.582323790615
110.571228414735
110.561400973366
110.55068621671
110.53880114875
110.529028679279
110.524448878339
110.520756003657
110.510314119231
110.498207889839
110.488343153368
110.478556909924
110.465080820427
110.452268717974
110.439447694413
110.427212196224
110.41830883294
110.413214614827
110.408165310223
110.401766866166
110.397169362158
110.39090472059
110.384952531762
110.383927301985
110.38356643444
110.382503835679
110.379218352115
110.373047706056
110.371461189847
110.371236330332
110.369618901715
110.370918716618
110.370562321181
110.372472510164
110.371843668459
110.368015055843
110.367205224
110.362243293789
110.358927459227
110.359385040778
110.358475858576
110.357895255228
110.355858095058
110.349500789748
110.345308746937
110.346009882749
110.344626164666
110.345794449169
110.348212742686
110.348798168232
110.348235412307
110.350144039173
110.352970539199
110.3540312355
110.35101391099
110.349805198485
110.350214580781
110.351773644008
110.351776870401
110.355065352241
110.356532039223
110.355121067399
110.357432050155
110.363797104518
110.36776825008
110.371735932583
110.37581739709
110.383685435437
110.394101444649
110.401032748059
110.40793356421
110.414880211697
110.422482232954
110.432649172945
110.443591178082
110.450208839069
110.45793013158
110.465054112377
110.474595150465
110.480744629912
110.485582074264
110.491455307365
110.493099619714
110.498364034578
110.503869326514
110.509452646826
110.512124789627
110.512491705771
110.515424002056
110.517258509307
110.520171682727
110.520662301288
110.51925840969
110.518611495905
110.520608010153
110.522288368454
110.523536373394
110.522866508549
110.524238225315
110.528137979354
110.532662219805
110.537214240541
110.537998683135
110.539995123107
110.543130572225
110.542714105863
110.547284321493
110.546844146851
110.544258786692
110.543204166972
110.541471766431
110.54136872048
110.543286964881
110.544553446397
110.544463731492
110.547480734222
110.549606462668
110.54740293654
110.548687228749
110.54909543301
110.549119627785
110.550884099087
110.557344011246
110.563220985445
110.567280776945
110.570958105806
110.57332335978
110.577193088169
110.581491024417
110.586308304344
110.590600019297
110.59513137812
110.602190593143
110.608270147205
110.613517335143
110.621843167329
110.629370054868
110.638017182013
110.646124933751
110.652396072716
110.659285043234
110.664757919361
110.669208996453
110.675580094888
110.681872229864
110.687696386095
110.691750685658
110.697394959584
110.703241046712
110.705781907818
110.708161022524
110.712930638695
110.717203286493
110.718540064654
110.719857390805
110.723416981463
110.72947943089
110.732881061894
110.731542969975
110.726452375379
110.721893213039
110.717920617927
110.718917442856
110.721217400578
110.723798656405
110.723522038521
110.723484747359
110.726011543347
110.72727338206
110.728140512611
110.729942140449
110.729865244539
110.727743583546
110.727052400563
110.724881556117
110.722988693203
110.721540444204
110.718671333935
110.716170916165
110.716026087421
110.719555270072
110.720697739414
110.721304687027
110.72265546932
110.723091162688
110.722369315833
110.720274825911
110.717005085336
110.713950568797
110.711814678743
110.712459260727
110.714371397192
110.714664293281
110.710949232562
110.70624613751
110.702327991895
110.699961638975
110.699322354178
110.697443028552
110.695472616535
110.694540676038
110.695439653234
110.696968995839
110.701185338849
110.707330121426
110.71179339179
110.717176958253
110.722108046314
110.727174704123
110.732272967942
110.737335384787
110.741619147685
110.746291556266
110.751429643712
110.755050161507
110.756878909303
110.75561804764
110.756539302356
110.758327560597
110.765674520751
110.772520086113
110.777397693745
110.781106345551
110.785884018177
110.78922927505
110.794226825569
110.799613592668
110.803127851185
110.805965479302
110.80972417461
110.811822687688
110.81331610977
110.812290369326
110.809304986665
110.807573807502
110.8054071153
110.806202337337
110.808952553094
110.807586019774
110.805586110445
110.806156882411
110.80458585718
110.804273910524
110.807392290192
110.809373484807
110.809704337357
110.811792993973
110.811324437371
110.809478198045
110.809671352323
110.812222806471
110.815898978467
110.815849332063
110.817358973964
110.818641642767
110.818992545444
110.817368642472
110.811151805369
110.802921520258
110.796952459083
110.790462589072
110.782354155888
110.779054997525
110.774676157472
110.770811976732
110.764870665389
110.759658991854
110.756255066177
110.745642519096
110.738870605531
110.734972032061
110.733404868413
110.732521017439
110.732896006189
110.731444335831
110.72695206662
110.723575174367
110.718393557793
110.714252512884
110.709377059823
110.706144892993
110.699722077915
110.689743508649
110.685669253663
110.682622405989
110.678664993557
110.676677115789
110.674891288475
110.672890031313
110.672421496549
110.668554698274
110.664949905909
110.662754513275
110.659820003309
110.658607507219
110.655892486927
110.652783253772
110.650943287929
110.652661281982
110.653729954524
110.651650395595
110.647569717557
110.644392819054
110.646667572399
110.651799841158
110.654393816892
110.65670436878
110.656654928363
110.656112005187
110.656628797788
110.655506883851
110.659098533259
110.661434454158
110.662495730252
110.663245551128
110.66502987204
110.67251843328
110.685576594559
110.70001690437
110.711951672363
110.721745350361
110.727766784956
110.737486616782
110.743653645401
110.745207826379
110.748334235859
110.754614147803
110.757705232211
110.760760690069
110.761118339758
110.762005516685
110.757208026263
110.755171471022
110.755427891804
110.75445938283
110.754128164539
110.755318150236
110.758941250988
110.761983560162
110.765029509597
110.766804624621
110.766908963739
110.768811881675
110.768878361531
110.764712778988
110.76075088607
110.754485011041
110.74700257591
110.743274338888
110.739073805249
110.731845652942
110.726806547749
110.723030877029
110.718668145824
110.712665878587
110.708775823135
110.708006529086
110.706128579463
110.703203428971
110.699959080977
110.696345285367
110.693284981312
110.689298742081
110.687232352207
110.685832787991
110.68581860651
110.688213383628
110.690158152633
110.688607147545
110.689088646112
110.689681932994
110.690460063802
110.691643870366
110.69376196005
110.694151958604
110.696815533492
110.700581986692
110.702807580587
110.704517655473
110.708901527591
110.713302898539
110.717679113617
110.723701673519
110.729521601455
110.734554872415
110.742197962027
110.747591315668
110.755394388831
110.760333955006
110.768685045744
110.772203560958
110.774219288192
110.777845771121
110.778556753172
110.781646355535
110.786798453392
110.791627946701
110.799245710757
110.804084263454
110.806815012826
110.809101147395
110.814707187326
110.818265802145
110.825105070502
110.831019219271
110.833972734974
110.836313995006
110.840409303265
110.84795624486
110.853964034082
110.860216648772
110.868780853244
110.877721967043
110.885826881821
110.893642438259
110.895291761633
110.900820291804
110.906006467909
110.911338682493
110.917374531763
110.920941401586
110.923541767132
110.922748811281
110.922767363629
110.925782267255
110.928475778225
110.930058181346
110.932354494482
110.932903313707
110.93117819589
110.93233273173
110.933305664638
110.933192362821
110.933340992901
110.928266228903
110.923645672884
110.916760465264
110.907765220759
110.900020679078
110.890173600724
110.882039177281
110.873901513452
110.866078666645
110.858778123829
110.852290179903
110.848005739321
110.839850245283
110.830416024738
110.82375467848
110.817401047494
110.810846114557
110.801782838299
110.793765651962
110.78766641325
110.780038871823
110.775095101382
110.76931562232
110.762415687083
110.754860097318
110.746114689151
110.739204563062
110.729577430169
110.719195617828
110.706911442677
110.693219011042
110.679218499553
110.666455542276
110.656940614434
110.648191060868
110.639509843016
110.631324656726
110.620491020055
110.608549710946
110.599017310593
110.587202640006
110.575978712337
110.562783962725
110.550575563527
110.537780422307
110.528009060945
110.518561300275
110.505624996351
110.493245758587
110.482205925041
110.46942200796
110.458863503457
110.449303563676
110.440802822076
110.429265492873
110.417779603208
110.409298331938
110.399747192431
110.392142888
110.38640369688
110.382721086844
110.378846378433
110.376459231256
110.374176445987
110.367048027198
110.359954578515
110.356942781733
110.350513564511
110.343055301011
110.338768811101
110.334050096865
110.331210926405
110.32817121507
110.325774136087
110.325667290234
110.325181791449
110.321185934894
110.320301258363
110.321773644952
110.323904681517
110.328158399449
110.324299385052
110.321576420179
110.320853373884
110.31365022501
110.307718872111
110.300625928848
110.293852133408
110.285644747322
110.275606643037
110.268369806046
110.260116231459
110.249956118624
110.239096740432
110.226016373315
110.217462725265
110.209185517697
110.196869578788
110.188311115724
110.180133876379
110.168416039039
110.159950050684
110.15380211526
110.153030190066
110.151222522807
110.147719116506
110.149593252297
110.149933560333
110.149467216328
110.151187647225
110.152772879395
110.156468518314
110.160088162262
110.162206498001
110.162026012369
110.16195960461
110.167580000085
110.173636294394
110.177235618292
110.183281915407
110.186505815131
110.190717466998
110.192555822425
110.19832680576
110.206207071612
110.210865052386
110.218383329379
110.227827666691
110.235294150104
110.244209555363
110.25391197955
110.267120127512
110.282084567462
110.29317207027
110.305080073415
110.316527934536
110.328020312569
110.33932927937
110.350297468275
110.357006672237
110.3600447206
110.367089311898
110.379015191889
110.388451094363
110.402400803999
110.414319057909
110.424732149912
110.435727895765
110.445056468205
110.453947267521
110.463011826514
110.470035968184
110.478545319571
110.485303049751
110.495442807491
110.505779327666
110.514614133799
110.523379670103
110.5302089225
110.53519903246
110.541846151763
110.547399163774
110.55354419671
110.561833106679
110.564276952289
110.566090658852
110.570227622951
110.575288975631
110.580886588051
110.586256242549
110.591329711397
110.592627660127
110.594461893974
110.599045729665
110.602510323684
110.605299333746
110.609438743247
110.617192972777
110.624118116494
110.628989506342
110.632579550182
110.636606896862
110.639509342633
110.646788524731
110.654216051756
110.662239502798
110.671091689363
110.680612235145
110.691643403207
110.699707847113
110.704112457154
110.711601266772
110.71698076549
110.725099716244
110.73406563887
110.73724058163
110.744355032189
110.752759107645
110.76030669802
110.771390543122
110.781978217922
110.790320559594
110.797531606896
110.810077370114
110.821758606166
110.830219121381
110.839720806693
110.852180244312
110.864953594201
110.876542628643
110.887812315306
110.895303557236
110.899088886606
110.905997384187
110.914306817959
110.926198196497
110.936249912011
110.940803834276
110.947638083193
110.957559761934
110.964000813528
110.97370479703
110.978209760422
110.984255099182
110.987346377187
110.992098562032
110.994790056091
110.993341663004
110.997059572971
111.000565740839
111.000096141073
110.995974494573
110.994371350253
110.994488783871
110.990670663655
110.988343408047
110.986115216785
110.98066999881
110.974089819179
110.966070078836
110.960938339414
110.956846967389
110.948175779297
110.942057405412
110.933143465027
110.928672184456
110.921474122532
110.911332890136
110.903059407225
110.896556217675
110.891722455587
110.88599732884
110.880160628809
110.875162189474
110.870184980266
110.86487996581
110.860635119316
110.857017796096
110.8538512578
110.849997436917
110.849050229371
110.844751569924
110.836847039475
110.826911541347
110.819461309202
110.813224665523
110.803718660166
110.796119082571
110.789385076392
110.782429958007
110.775820550474
110.768133438104
110.759813556966
110.752057441539
110.744148631155
110.739968367402
110.734602259665
110.728280180603
110.71848304624
110.708632673356
110.698252883941
110.688134178182
110.677597293533
110.667628614819
110.662466033819
110.65746956416
110.651995989742
110.646555692561
110.641467888393
110.639300657968
110.632611876009
110.626730156136
110.622714154169
110.622426812699
110.624183511575
110.622194353936
110.620413522065
110.614247438275
110.608385929302
110.602593577368
110.598883744213
110.596498956849
110.592101145356
110.593313759582
110.594155773325
110.595638636943
110.595735841653
110.591870598932
110.591168681074
110.591183986524
110.589956069129
110.586634293005
110.580595541299
110.569065876735
110.560761372602
110.554971207077
110.544904078415
110.537839185571
110.530005456423
110.517838539639
110.504492055078
110.489924757343
110.475221948932
110.462867515508
110.451538869139
110.441802487252
110.431512172474
110.42307314081
110.420135715811
110.419050257761
110.414403607142
110.411618763929
110.407341557309
110.403725235543
110.402413497985
110.39844685311
110.396804164853
110.395392961711
110.392457893591
110.387782177892
110.389788798334
110.388621159577
110.389977913028
110.391141091377
110.387351231168
110.385301404887
110.378748614933
110.372244906645
110.36603545324
110.35813734266
110.351130038784
110.343570401176
110.338412354989
110.334823980467
110.332756863716
110.328746557466
110.324690928321
110.318297053123
110.314091953045
110.313430841366
110.308494112457
110.307516435683
110.305935153026
110.302310751468
110.301442480918
110.304111386275
110.308129212865
110.313386885032
110.31743916037
110.324238010221
110.329434078672
110.334257516575
110.341939451902
110.344519124803
110.350979979926
110.358631065464
110.364185354944
110.372116704624
110.376439329923
110.381166822739
110.389783181933
110.394839475478
110.403251168209
110.41184743147
110.420311097293
110.427716285187
110.435961708766
110.446960219733
110.454547675105
110.463784146484
110.47360547584
110.482049205197
110.492484853979
110.506156173798
110.516690854601
110.523249356573
110.534197613444
110.540641467793
110.548759024435
110.560392797196
110.568350639066
110.578482630806
110.586846060881
110.589229885731
110.591574129361
110.596807703646
110.600567742847
110.606597232734
110.611500903548
110.61561426751
110.62030143775
110.62508555287
110.629569156431
110.636024209423
110.642495879598
110.65003302072
110.656254526588
110.665094115181
110.676707918209
110.685480691752
110.694916291032
110.70102978153
110.708553622988
110.715507370228
110.72343882476
110.72755329754
110.732144799877
110.738108636284
110.746776876383
110.754097903409
110.761268079763
110.769809906956
110.777411340975
110.783666497857
110.787965107149
110.789904375558
110.793669039963
110.794684624124
110.797745730728
110.802899108374
110.807809243109
110.814317501565
110.819845462069
110.827551876748
110.835685283177
110.838862943082
110.84274042795
110.852009361547
110.860158942995
110.868539898464
110.882398314436
110.895885370002
110.903443661016
110.912177879102
110.923586219011
110.935044298244
110.947674811738
110.961152474397
110.974410423716
110.987611807593
110.996222993855
111.001632218226
111.002917143631
111.008162201206
111.011742670621
111.014363999908
111.014306821278
111.014863774978
111.015124774938
111.013726991093
111.012455044718
111.010111733772
111.01017352511
111.007469765565
111.003539514706
110.997478809157
110.9919198179
110.984844794206
110.97788772061
110.97433897723
110.971334367862
110.962888914708
110.957283709555
110.950229530335
110.942232586201
110.937903292343
110.930605102665
110.920827811556
110.913283527024
110.905755670661
110.900394680186
110.894547224423
110.888333752546
110.883944670826
110.877319393858
110.869987462878
110.862873990982
110.856433551877
110.852126981388
110.848119495669
110.847052217137
110.847151542424
110.846012356226
110.842443888728
110.837382395224
110.832904962524
110.827672813748
110.82204483818
110.81509176648
110.812271183453
110.809209997932
110.804143587758
110.802157137312
110.798468241456
110.794509355853
110.789180083714
110.786830786184
110.782395791992
110.776333235539
110.771608402658
110.763507665296
110.758674430648
110.750193259843
110.743798031078
110.740376486374
110.738974567189
110.735063314986
110.731371297924
110.726338131291
110.723465178882
110.721792437639
110.713508924516
110.706850599143
110.700177164844
110.695218637146
110.68812553808
110.683258199147
110.679724877082
110.675798570735
110.674627976694
110.671491884325
110.667534202713
110.662667332729
110.655546170545
110.650027680954
110.641969650542
110.63030628367
110.619074970868
110.612002842801
110.604805288858
110.596605573071
110.591946981722
110.582825009176
110.572999234319
110.567279501868
110.559855383575
110.551347576753
110.541411914647
110.529857751903
110.514654641998
110.502941073661
110.490501490202
110.475854612708
110.463157990789
110.448495815612
110.434697210408
110.424094382402
110.412954478417
110.401462789611
110.394051281156
110.389868048876
110.384548351043
110.378627493983
110.370098809387
110.363295608126
110.357602812325
110.348124889968
110.338855039365
110.332825431377
110.327385249845
110.321321584448
110.315086011286
110.313236502565
110.310588891766
110.3088409528
110.311498846876
110.312241196493
110.312972230559
110.314291634493
110.318435391446
110.321800977303
110.324354978021
110.327374242357
110.329556496117
110.332220237186
110.33061210281
110.334271437107
110.341233101185
110.345414330919
110.349663079963
110.352597425396
110.354348516682
110.35328926298
110.351686679957
110.351343545585
110.353793598223
110.354868430341
110.352860882762
110.352528577737
110.350754995818
110.348932966054
110.348320069817
110.348681209181
110.348264848203
110.346973287024
110.34545104258
110.343975481229
110.343649089457
110.34224904274
110.341937114716
110.344677966264
110.344328126772
110.34718047112
110.352188472057
110.354901706867
110.361512664121
110.364792514067
110.365618007371
110.367461358046
110.370324269945
110.374276066672
110.376184310385
110.372121576823
110.371914418864
110.372425193424
110.369902815904
110.369244275379
110.368514448278
110.368066467255
110.368588552946
110.368655450823
110.36874675887
110.368184158592
110.367076542426
110.362943964021
110.360330930928
110.359632097829
110.357455176016
110.361739690642
110.368605676713
110.37002820579
110.375293493515
110.380533241196
110.379176611501
110.380935512548
110.387061228386
110.39147733809
110.394021199597
110.393498462372
110.395730266497
110.398862207052
110.401699864237
110.40737682253
110.407761167824
110.412233557726
110.418309314097
110.421301356932
110.422592752745
110.426673460805
110.432550843933
110.436272363686
110.442617074941
110.447957216019
110.454760870995
110.45925672265
110.463620441622
110.470066792897
110.473335878188
110.47673835053
110.477242197636
110.477133830585
110.479069717039
110.479796851412
110.480386690861
110.480373678009
110.484335968335
110.486399011397
110.484027790937
110.48493267435
110.487725732637
110.488866467354
110.49040830106
110.492071446583
110.495627674054
110.497002565969
110.495255609623
110.494976272451
110.492826817856
110.488658327761
110.486756346228
110.486415513864
110.480007587728
110.478186303155
110.471639239549
110.466076871366
110.460846401242
110.460230203505
110.455541893211
110.450615964407
110.450030695197
110.443980594668
110.441676175135
110.444399830195
110.445788187418
110.449510644878
110.45074729177
110.452183880154
110.454556494027
110.454967014998
110.457233857393
110.461971494231
110.464800169236
110.4613391194
110.458325919347
110.456451699738
110.454529832641
110.45424153067
110.452193227568
110.448170469686
110.448353492747
110.449597464471
110.450444726934
110.450698108156
110.453458085807
110.461964631633
110.466877354698
110.470557992561
110.47582806097
110.478642972597
110.480954187081
110.48303957173
110.486372735609
110.488830289486
110.490630096425
110.493088579968
110.497305016205
110.501988452632
110.50917097282
110.51673849221
110.523725507934
110.531121804864
110.53758663884
110.543942824986
110.54867082138
110.551510004896
110.553685063348
110.555533745534
110.561292783195
110.568522296608
110.572350144538
110.576085243442
110.580614744958
110.585887048623
110.590504363027
110.59476350945
110.600043242835
110.602897127454
110.606257836755
110.610869666047
110.614841160675
110.617044783266
110.617850037913
110.618254774185
110.617275826675
110.615309332074
110.612689620012
110.60646477746
110.599977454768
110.597013221225
110.592279451254
110.588284943311
110.580692695194
110.576115367933
110.574902997342
110.576589585116
110.579441560419
110.579284014303
110.57799229059
110.574278866335
110.571471790775
110.572580104186
110.56947831262
110.564779503197
110.562461004884
110.559714693464
110.554034187642
110.549399035141
110.546363734167
110.543489925123
110.538962626999
110.534585161069
110.529127982471
110.527460366444
110.523489914132
110.522786864072
110.521041609886
110.520201122924
110.519761557302
110.519448260206
110.521658503794
110.525728114274
110.52827577362
110.532111747502
110.534382797858
110.537441031614
110.54234328157
110.546513462332
110.549851144488
110.552264438909
110.553358861386
110.557316773341
110.561055424183
110.562018800057
110.564420148626
110.564193818116
110.562563693508
110.559956356533
110.564031280533
110.57206444458
110.580649677247
110.584647989535
110.590345218663
110.596137492203
110.602262134238
110.605695039825
110.61434028091
110.623028838351
110.628185117305
110.631865484171
110.633260773554
110.632536544797
110.630753175688
110.631734617438
110.636576664814
110.6385319154
110.637620661987
110.638577681752
110.639546645738
110.642750459115
110.644971586951
110.646038312902
110.646405323368
110.64754159793
110.647693517215
110.648031254172
110.647339426758
110.64932528001
110.653141595338
110.657816586087
110.66278607994
110.66722312778
110.672442034382
110.674258711265
110.674262096049
110.674917682913
110.671528831696
110.664666236756
110.664448350551
110.663248566282
110.65928656313
110.651110580006
110.64684158651
110.641021374158
110.640515630152
110.636608500173
110.630029413384
110.624833563311
110.61678552671
110.611536954964
110.60563021873
110.598438468569
110.589980556705
110.583177938219
110.576633426384
110.570801965772
110.565575885679
110.56162894927
110.560892398536
110.556946402949
110.550842176295
110.543584519977
110.539043447073
110.537778894847
110.536964924933
110.532986517284
110.531572711944
110.528441214385
110.525147212617
110.522518180406
110.522063527296
110.523592648095
110.524029756658
110.521438665737
110.52049473894
110.522603755455
110.527793173746
110.534224035379
110.541791288179
110.549888404735
