# Fix print output for fix writeZ1
123.098144999998
123.099115906031
123.094466303076
123.088335069346
123.083181841178
123.073702882801
123.063553714373
123.051311939146
123.035897583868
123.022448620504
123.00727611643
122.985798173869
122.962950722934
122.939430496868
122.915472422687
122.891906855384
122.864302912846
122.831531053614
122.800806048066
122.769799162146
122.735457917563
122.700358643611
122.666571135288
122.630722376682
122.594531166647
122.556023833273
122.511484525036
122.467166557429
122.422215471054
122.37641130832
122.327925546363
122.2822492735
122.234919970469
122.18326468477
122.134596403037
122.086048886621
122.032632694534
121.978330410381
121.928721886408
121.880762390923
121.832603925202
121.779932025817
121.724728916083
121.673114950027
121.623181484119
121.570373708355
121.517226965909
121.466964567413
121.41496051405
121.359713271744
121.300532353242
121.242465593456
121.181848367039
121.120367591934
121.062272952859
120.999098674326
120.932597703013
120.868066052467
120.806263680757
120.741200474762
120.675391660257
120.608789931124
120.543307978011
120.478534435195
120.415050537605
120.352615798681
120.288344176204
120.225901534935
120.165148096592
120.102531985516
120.040813202001
119.978448650131
119.91597983841
119.853847099712
119.789772678839
119.723296595167
119.655621940855
119.588805356794
119.523572658087
119.458065107563
119.392289634969
119.32538973016
119.261109070311
119.199713608195
119.132809012287
119.062683729872
118.99398953914
118.926522656709
118.857030734367
118.788995222456
118.718613847629
118.648319181375
118.577974733245
118.506101335743
118.436306069968
118.365240176668
118.290108483791
118.214315638225
118.140746246111
118.069462615322
117.996101233853
117.919507138459
117.846475719555
117.776025335907
117.706044094523
117.635511787086
117.565305014434
117.496174679542
117.426489769514
117.357348598607
117.286644864826
117.21408294187
117.137482376627
117.064437581252
116.994759993311
116.920537056714
116.843990897533
116.770240380975
116.698456843133
116.62550005992
116.549651309594
116.474641684226
116.398619419685
116.321131203498
116.247401282124
116.174158513696
116.100084094689
116.026420599679
115.953496105823
115.877840988351
115.801309192935
115.725351500357
115.649849483979
115.573978496266
115.498483597511
115.420602480156
115.345948502995
115.272259689694
115.196988449504
115.122747086754
115.049182464217
114.974767360614
114.90364718586
114.833270542757
114.76913204836
114.702589518246
114.638336968731
114.577192086628
114.513191254711
114.448774420426
114.3838811287
114.327133586668
114.270154507424
114.217156591479
114.168336639055
114.124666173356
114.083749139803
114.046628369222
114.007743390819
113.969558270827
113.934169295923
113.895063426037
113.857745936643
113.823863205867
113.794161010192
113.764285473259
113.736338508441
113.706884776005
113.677935219233
113.650961496051
113.623125087431
113.597438581801
113.575451301972
113.55339115694
113.531729283658
113.513698975509
113.49781940324
113.480010720977
113.467023426829
113.455526769538
113.441014879452
113.427293647797
113.414682064478
113.400777003813
113.387977474767
113.376772614514
113.369093737707
113.36656147408
113.361528654095
113.353641793897
113.345784294347
113.341991161844
113.340411909608
113.33638141646
113.334131572959
113.334380354565
113.336258818529
113.342214947026
113.349760046863
113.356285123453
113.361110886141
113.372098103216
113.381673317505
113.39073875771
113.405971453985
113.421692772859
113.435743518543
113.449154271833
113.464854295594
113.47772907829
113.490285046458
113.508505474269
113.525081222665
113.543675515775
113.56307819699
113.585868898455
113.610439948314
113.634843739311
113.659992016747
113.688321593778
113.720472337728
113.754613327379
113.78928007686
113.82854420815
113.869975452304
113.911256505655
113.953908560206
113.996422348047
114.037338650822
114.081874664864
114.127044244521
114.167935451258
114.211148413811
114.252040078697
114.289577760694
114.329950193728
114.375141411022
114.418448449368
114.460044568857
114.504627052167
114.55293628232
114.602132880948
114.65276507942
114.702713116162
114.754502932382
114.809199856277
114.862431771263
114.915259215552
114.966961947292
115.019298091455
115.068026643421
115.115346612608
115.162544247284
115.209460500137
115.252825297878
115.295780981123
115.341973237133
115.390306869772
115.431790659738
115.476387793626
115.524083819761
115.569426774637
115.615543627226
115.657552890909
115.698337301748
115.740911493186
115.7828053078
115.826765907831
115.869833628546
115.9132878212
115.958587173912
115.997973814764
116.036660892002
116.076052162128
116.112979405682
116.152805643421
116.193771097928
116.234672611218
116.275339871545
116.318073696979
116.365233247198
116.409895843764
116.449522204271
116.48940065193
116.52697125416
116.562152510431
116.595503485511
116.632436172893
116.669639462756
116.707498837851
116.744936033993
116.779223859739
116.812349317238
116.84390369843
116.874492011106
116.903460958583
116.93038031758
116.956265434259
116.980386568459
117.005416171582
117.031806818325
117.057049436098
117.082060058169
117.107171543898
117.131891702412
117.151337459783
117.175511191178
117.19914543465
117.221018927357
117.244944990057
117.268555405125
117.289051134715
117.310438124402
117.330495178449
117.348468426805
117.364136064649
117.378717409005
117.393439922629
117.406789199669
117.417923363851
117.430361128431
117.446173140211
117.459766287115
117.473869909258
117.489731464306
117.506974449178
117.522721335031
117.538449077351
117.553741720597
117.566049921704
117.579428357501
117.594078613005
117.605470765967
117.615745061161
117.627548968527
117.635544881906
117.643855483651
117.650393344303
117.653276786124
117.653163484646
117.651347650512
117.649814047931
117.650137694735
117.649210524336
117.649706713102
117.646998749892
117.641861480489
117.637277218288
117.631525136679
117.627787301274
117.625577288871
117.618723397219
117.611693349585
117.603482845932
117.593452932813
117.584142505816
117.576498443056
117.568067752157
117.559175285659
117.549112888261
117.539037660064
117.52500745295
117.513886405482
117.501293454574
117.483443083745
117.469065287687
117.449288799043
117.429039061064
117.410788117956
117.39234667234
117.376884072322
117.358349954279
117.340575483614
117.320753772897
117.29809606947
117.275123396586
117.249908567296
117.223108287662
117.199634884528
117.180045533876
117.15979665529
117.133892431262
117.112739183044
117.090155898341
117.066240781111
117.038034093921
117.007982138715
116.9827266614
116.955927909032
116.931837753129
116.908454668427
116.883696764915
116.862711788843
116.841479461313
116.815336912701
116.788592540341
116.759557819313
116.729243281861
116.700712430196
116.671026495461
116.641414980635
116.615132256389
116.588492349768
116.557238757403
116.525603290419
116.493417864562
116.465625597812
116.4378742389
116.405654860595
116.376561199198
116.346040195641
116.315185506407
116.282878091353
116.250014789431
116.214213650042
116.180791447394
116.147718259405
116.112734184757
116.080190616729
116.048265589715
116.014983508773
115.982983197987
115.948544165311
115.913664962773
115.877331962186
115.843925734563
115.812911788178
115.783367879691
115.750649482818
115.718178802382
115.685900548249
115.648204091485
115.612134942489
115.579719482883
115.542848858006
115.506181337475
115.472248340724
115.435980827088
115.399960966134
115.365844343356
115.332010971242
115.300676340919
115.266656260406
115.233415143946
115.201569239972
115.166814065844
115.127618656395
115.089826992486
115.052201859488
115.008648990291
114.963247469316
114.92121311018
114.882322603966
114.842222878654
114.801610041503
114.761263248534
114.725920961009
114.690803580066
114.656577004614
114.623941427679
114.589693683025
114.557164746275
114.525930844868
114.494946436602
114.467047821571
114.437730121377
114.410620713376
114.384101746263
114.361588593497
114.337140587888
114.312389379931
114.292629030602
114.272863247539
114.248358265023
114.224348659044
114.202595065454
114.181439178366
114.158253034857
114.133449220297
114.11143206861
114.087817319098
114.066684126854
114.046142060156
114.027871612281
114.010073855425
113.993678408497
113.981165232511
113.969838717257
113.958864675038
113.949080279686
113.936686566609
113.926426794351
113.917858075519
113.909762338896
113.900883348547
113.892960216227
113.884215364074
113.877835524473
113.867717543032
113.855734896359
113.846574396181
113.83718256049
113.826567821545
113.818799561891
113.813459498638
113.813056221517
113.811477064621
113.806852320453
113.801976101233
113.798417648323
113.794619750198
113.788526192938
113.782386568593
113.77548340382
113.76854753693
113.760620232523
113.752408005027
113.746524707187
113.739781209391
113.732126617422
113.728983656694
113.725953270838
113.721827940473
113.717208085272
113.710924002223
113.708647031621
113.708795562605
113.707569853725
113.707271563286
113.707760141122
113.70701756309
113.707309908878
113.709726000751
113.711689107018
113.714993426341
113.720671586461
113.725280114086
113.730585526558
113.741109983644
113.749869703291
113.757320171803
113.765664393134
113.776444280657
113.788915809839
113.799209369901
113.810614626004
113.827430773423
113.843173096691
113.856027424287
113.867374309504
113.879763332458
113.896547026626
113.917069444309
113.933743964014
113.952155986421
113.972257074024
113.99012830355
114.009901169401
114.025711675494
114.043047324906
114.065401465659
114.087316133554
114.105220068356
114.121979879004
114.143152500528
114.164463007892
114.184739899602
114.206815655123
114.226841713321
114.246568684442
114.262555899582
114.276753283657
114.292840173921
114.309151059829
114.324894804561
114.343996830765
114.361410504776
114.376423234971
114.391227052252
114.406411083856
114.421502373301
114.433377609237
114.448110217783
114.46125634279
114.477400552786
114.493763405831
114.511997828447
114.53474249927
114.559773285382
114.577551483738
114.598228262319
114.619973634008
114.63787103256
114.65422267663
114.669086164514
114.684340631043
114.694445401301
114.707019946083
114.723652358182
114.742560419753
114.759530644676
114.774947511497
114.791971662936
114.809529472045
114.827256729521
114.845533869055
114.863128169544
114.878300515735
114.891707806214
114.904119735362
114.918776298578
114.935557374884
114.950696595167
114.964999343371
114.981897471089
114.994642923432
115.005429043711
115.017254132337
115.027450486906
115.037386674307
115.050876705667
115.061937334403
115.073655221729
115.087904200782
115.099821653908
115.110880414371
115.12393340228
115.135143634072
115.148786988454
115.16216321671
115.176017506364
115.192951176538
115.211036886179
115.224610292437
115.238714354998
115.256928416793
115.275928506845
115.294328962966
115.309954204891
115.325125564553
115.340692071761
115.357380966542
115.378788792577
115.397174339434
115.416418220244
115.4359948151
115.45433650646
115.470510074441
115.482080099417
115.495068491499
115.506451124443
115.512960244933
115.519986618791
115.530539791216
115.540822724069
115.550004365049
115.559446608505
115.56456949089
115.571360966473
115.579460817392
115.582516549355
115.585153220626
115.58960879486
115.59261824392
115.591603959055
115.59049400977
115.592151790966
115.594858743004
115.596415415494
115.599673609847
115.601896590053
115.600579906196
115.598760095005
115.598839772119
115.600639355852
115.602371183212
115.603978541626
115.60344979031
115.601610076616
115.604880352351
115.606640458407
115.607549869703
115.608849847675
115.60669863794
115.600276259404
115.594055127752
115.587576001159
115.578218447354
115.567356788338
115.553344617471
115.541544427451
115.52739658783
115.510060494649
115.496514907837
115.487700515278
115.475638934156
115.460781094323
115.444278696333
115.429524289152
115.415895761469
115.402679051366
115.391658101396
115.380718982334
115.370809091417
115.358372445641
115.342995670791
115.328221557627
115.310937178192
115.292079093959
115.277710046525
115.267176734178
115.254095486979
115.240291523137
115.225643090162
115.211478168074
115.198758616984
115.182223067912
115.163293175156
115.145151419605
115.12642856749
115.104237939576
115.083071448531
115.061492197395
115.036909805203
115.011783211139
114.990620199087
114.96949662667
114.947360512464
114.922576095326
114.900696983434
114.882367759907
114.862675495429
114.844259417694
114.82320174277
114.800398561716
114.779650373633
114.757840723995
114.735590846304
114.718133790485
114.698471371765
114.678755501406
114.658865376369
114.63498344978
114.611232700863
114.590600615577
114.572427244192
114.556946909361
114.541137650434
114.525394153403
114.511943443946
114.495960393179
114.48039542219
114.467168144566
114.453376508933
114.439845840324
114.426838551413
114.413958299304
114.39832466667
114.380025212744
114.360908211344
114.342411716922
114.321202274113
114.299236861901
114.281317167039
114.263612077477
114.243358776613
114.226927289609
114.210158763945
114.192932101786
114.172888372005
114.150997337437
114.133348032274
114.115616506552
114.096086844078
114.077909631164
114.061870581879
114.045144720356
114.027392466759
114.006790154088
113.990064224457
113.973332661971
113.953756970715
113.934594250866
113.915490671976
113.896291042914
113.876119198685
113.857121452194
113.835587828059
113.815064588143
113.791602665316
113.770378986246
113.753602230453
113.73524376334
113.718785759172
113.707537406637
113.693438442627
113.675852364214
113.661563976796
113.64732245057
113.629108832779
113.614231471552
113.602914972403
113.590812387525
113.581837293508
113.57037134389
113.559322210123
113.549662740613
113.541496867932
113.53507754649
113.528963322568
113.524030121205
113.521410393467
113.517825988981
113.515188168122
113.514270936247
113.509441467044
113.506145590087
113.505953223325
113.500359614153
113.494553822355
113.493770781133
113.496893010552
113.495132915106
113.494196220458
113.497871398103
113.497694720719
113.499020807081
113.502626627661
113.504206482737
113.506828865072
113.507660813734
113.508015716098
113.508583396817
113.508377607595
113.507826430416
113.508538500676
113.506830200371
113.507405038259
113.511592805296
113.513513703301
113.517785846735
113.523525278363
113.527052883456
113.534625575027
113.543091278599
113.552518757253
113.562584170318
113.571532862999
113.57800429178
113.586941657508
113.594768545869
113.603357462776
113.617113835236
113.626989794928
113.634510725896
113.641946117442
113.647100321391
113.654836536569
113.662051713828
113.670869823177
113.680129055459
113.688432382809
113.69446897633
113.702905606094
113.714288795761
113.725674276332
113.734158267511
113.74797572036
113.764340726548
113.779453972245
113.803046785924
113.82706007502
113.851028987965
113.870401078013
113.89193496755
113.914322912608
113.932612136048
113.952784041103
113.974077794449
113.992675946764
114.009365905218
114.025082204674
114.039651957493
114.051482896428
114.069347460362
114.085239458826
114.0992810768
114.120889210314
114.135710087138
114.149081711659
114.165163384252
114.179903759525
114.197636638297
114.209276049236
114.219790415876
114.237857114629
114.256310663628
114.275710189059
114.298090342752
114.321462765456
114.343947540017
114.367872322969
114.390705219785
114.411853411673
114.435660994345
114.457928114776
114.482507318512
114.508192296871
114.533931250203
114.556299785098
114.57909431117
114.606065331444
114.626549657218
114.644619918892
114.668156099031
114.687343453545
114.707489465215
114.729223215842
114.746223350517
114.763027658152
114.781488064467
114.799079438988
114.811992093781
114.825967390831
114.842543373676
114.858811691924
114.874095606318
114.892988545465
114.912329906173
114.928796368083
114.942766819862
114.959875300818
114.978108508346
114.99357679715
115.009379110964
115.023165525881
115.040854324526
115.056926087037
115.070870866586
115.082546415599
115.094572387098
115.107458501014
115.121791055095
115.135334886849
115.145600390024
115.157485491098
115.16992490333
115.182496098924
115.195005102527
115.207670187125
115.218838848628
115.230166910699
115.243306845482
115.253378324065
115.263544896891
115.274410560751
115.283573716264
115.291085509714
115.301547014383
115.307376531065
115.314575970004
115.325395631881
115.336984654426
115.348660637749
115.353820957392
115.358299176238
115.364635196156
115.368342211057
115.373849989765
115.37865506495
115.382092011794
115.380721123908
115.381631473682
115.382407376343
115.377755892154
115.37329941222
115.369025548985
115.364824176831
115.360925072117
115.357138985899
115.357724009234
115.358187347404
115.356741349042
115.354785599324
115.353349900203
115.349725093513
115.342954195896
115.338964109375
115.333002930075
115.327003160021
115.32346788905
115.319610311562
115.321805097296
115.317652285266
115.310458225027
115.305328696555
115.299094634496
115.294228630495
115.29018856882
115.288446648332
115.282317251956
115.275729242115
115.271833774887
115.265193670522
115.259225032087
115.253549963064
115.247413560767
115.239805904809
115.229091294786
115.21748728691
115.20559974632
115.192149471823
115.183866618642
115.170208518582
115.160014922673
115.148933118719
115.135887611096
115.121986481886
115.109817414317
115.09465157722
115.081937235854
115.068683629326
115.050758954705
115.038929056539
115.027254511938
115.012879255807
114.999961323384
114.986220911852
114.967038534069
114.948619479959
114.934130410156
114.916345386022
114.897749083963
114.883262695564
114.869864890541
114.854002736537
114.840638177939
114.827060077614
114.81288864497
114.799225477312
114.785846231796
114.773397973233
114.75727468632
114.74206435106
114.72782391403
114.711581106955
114.697570744454
114.682779533164
114.667375894578
114.650328774125
114.632912396369
114.614676442014
114.592275638547
114.572097242247
114.553974906183
114.532949508888
114.51143691612
114.488144941787
114.46714270185
114.447656461065
114.429585132878
114.411006968963
114.394202146293
114.378880612842
114.358674256025
114.336164814709
114.316923714002
114.303036763809
114.284817013546
114.267936922015
114.252772031992
114.239482816476
114.22723010377
114.2121078474
114.195364027549
114.178984935679
114.162833211534
114.147214445663
114.131620621093
114.115975513026
114.104056469594
114.093602852309
114.081875756178
114.066192128493
114.050750305364
114.038164947883
114.024186879093
114.012924416008
114.005605792855
113.999715006966
113.992078909093
113.985154336503
113.978630435684
113.965786680149
113.951209738306
113.937739868904
113.926910003185
113.921838478365
113.911971183778
113.898090881359
113.883529516342
113.87216894962
113.860827661207
113.845846627819
113.832280916391
113.821034155288
113.809750506383
113.800118103118
113.790364444495
113.780463334872
113.76934050888
113.758761430084
113.749251318352
113.743327031304
113.743344673754
113.742944788306
113.739550944535
113.737898043215
113.735610529187
113.73633264041
113.735088241547
113.735421680308
113.732657273625
113.72914232573
113.725389045837
113.722774182754
113.718049736139
113.712685249319
113.705963732794
113.695312183605
113.687845476622
113.677225266831
113.662461918423
113.65008007156
113.640530766554
113.628647905907
113.62120035162
113.613369832578
113.604113552571
113.598602882694
113.593689734374
113.590776504749
113.589573477342
113.589452049375
113.593332427783
113.596116645802
113.598052620587
113.601948134225
113.607973948011
113.614969115837
113.621312208714
113.627586175922
113.63126934352
113.634714311126
113.640256086701
113.644924258487
113.64983014045
113.65301760401
113.658453494701
113.666451630525
113.674957220168
113.684305547598
113.688580951306
113.694900738164
113.701600296922
113.706529284252
113.713077678725
113.723272558338
113.733930130082
113.737786896996
113.737577526049
113.739070817616
113.739066116464
113.739139552266
113.739228256377
113.738306828737
113.738787222822
113.742301878579
113.743089485046
113.746764834293
113.752994619841
113.759064094984
113.7627720749
113.764939845427
113.768283943998
113.774481156562
113.782590890898
113.790294746429
113.795206916138
113.800339848011
113.810779590547
113.817537442906
113.825042855234
113.830690099782
113.834660657348
113.84056041641
113.849166308652
113.853737700415
113.859363609251
113.86820862395
113.874016132009
113.879795400333
113.8851952142
113.890354774576
113.89472495388
113.900334858657
113.904910921715
113.909541838615
113.91167750584
113.913312419744
113.918786350861
113.923569779248
113.927039330156
113.933799694857
113.944879760238
113.953609937489
113.960840711479
113.968404625491
113.976038542694
113.984819630946
113.990343636357
113.996074212478
114.00388783689
114.008930697588
114.008978019906
114.010275418278
114.011701145405
114.013261318709
114.015944374912
114.017283092777
114.013893722839
114.016299719892
114.019048042225
114.020673621018
114.020647300801
114.023464216275
114.026760881685
114.030040495869
114.032598606671
114.033851294596
114.038644807973
114.044798637359
114.053210250842
114.063969862613
114.076115792008
114.086895437363
114.096542275399
114.106295250071
114.117330357871
114.130452428204
114.144285983195
114.154628617327
114.162743544997
114.170971880434
114.17961909229
114.187853790763
114.194557118514
114.205300636015
114.21411556001
114.217521446454
114.223380859221
114.227409695181
114.226971760358
114.230018665452
114.2352690183
114.236836732256
114.237624703657
114.237287577598
114.237385290593
114.236387531933
114.233142359858
114.232027950935
114.233036761159
114.235948035159
114.237197546287
114.236914553531
114.237319534796
114.236425093814
114.238122686745
114.238487089584
114.233364284748
114.233888463179
114.233123808667
114.230489994851
114.22837276033
114.226060565074
114.223066230679
114.221963142226
114.219396738783
114.21417426968
114.207305959342
114.196500857418
114.191498773608
114.187150519151
114.179312613846
114.171945250163
114.164554047916
114.156422451152
114.145409102214
114.134307318832
114.12298113373
114.110539939304
114.099461522057
114.088462422797
114.077768855051
114.067838636973
114.057198344017
114.046977098999
114.040067055519
114.028570952219
114.016946970399
114.007525283194
113.995770469329
113.987798687616
113.981146801425
113.974136216202
113.96636914104
113.958657846746
113.948396549302
113.936175389165
113.924875738059
113.918222086039
113.91383931317
113.905078216921
113.896857161609
113.889542503424
113.883543645958
113.880055788859
113.873045689204
113.866499435635
113.861140198161
113.857761625891
113.853619163976
113.853402894076
113.852400263822
113.85238851021
113.853725099023
113.856999336331
113.858809329674
113.860736285561
113.862312525452
113.865385606609
113.865940296152
113.860938160525
113.856931711997
113.852978061345
113.846811772773
113.840715270838
113.836292972637
113.83478949739
113.83265720977
113.829440593538
113.826570383571
113.825222446557
113.825047311044
113.825318751608
113.827895852657
113.831700651031
113.832555909819
113.833779018453
113.833843418291
113.830528126886
113.828807578587
113.831012471125
113.830538742324
113.826918291055
113.82373627562
113.819279921518
113.812832355433
113.808288343582
113.80352374733
113.797202312135
113.792608611078
113.788429772123
113.780914199982
113.772846031835
113.766761844886
113.760488732222
113.750777122813
113.740963450546
113.725128378617
113.710206932948
113.697046006986
113.685482358994
113.676438477721
113.662136110816
113.648468629528
113.636537357163
113.624676634521
113.611147464274
113.597722963753
113.583559759005
113.572509492544
113.566293662999
113.560298692996
113.558251135167
113.554715491312
113.550538048076
113.54938194456
113.550902688418
113.549434053895
113.546450783945
113.549104159409
113.551589136203
113.554762936013
113.561176389163
113.562671398047
113.562888259368
113.565025436837
113.567876573559
113.572569215374
113.576823453584
113.585920364453
113.589999946744
113.59186251501
113.601603374358
113.612236305338
113.620129878898
113.629627401821
113.638940728578
113.650052014284
113.660513706728
113.66808505889
113.678677617693
113.692793829423
113.70710810648
113.717644903264
113.725650394297
113.734891613075
113.740989702264
113.744940507578
113.749662864965
113.760274481636
113.768722015128
113.778294679812
113.784475351539
113.78736649662
113.790049916768
113.787573133658
113.788083698948
113.790621975297
113.793288917577
113.799694089619
113.807656184037
113.813587528576
113.816103654436
113.82151314023
113.82867626524
113.832675892921
113.836730844791
113.844269876512
113.851111799318
113.851456521655
113.85293045701
113.85571748215
113.86001858185
113.862641618683
113.865427316962
113.866290116178
113.863277756061
113.862592035806
113.862281496256
113.859488268521
113.858591805302
113.859804052864
113.857969111505
113.853583577636
113.852006212864
113.8528656966
113.853542113543
113.853711684611
113.856894449103
113.861761837393
113.86568838475
113.869547649176
113.873103774779
113.878858602659
113.883431249171
113.88902493148
113.897396811811
113.908106474296
113.920294413428
113.933563519175
113.94682501258
113.961389830796
113.977437882655
113.989999078281
114.005159725554
114.020238748717
114.030749851546
114.044427506052
114.05849912526
114.071311169961
114.082063272746
114.093093287867
114.104267244228
114.114554877708
114.124341039661
114.131410324096
114.140916291724
114.154026659716
114.165150866561
114.176236079916
114.186780543038
114.196737929705
114.206072306811
114.215976272977
114.223984157944
114.230933169139
114.233856801545
114.238088829627
114.245286577759
114.25753510964
114.263774847048
114.267614793916
114.272742307785
114.276767274495
114.280910921147
114.285567611711
114.289332079713
114.294066366618
114.297767382406
114.302249474863
114.304004697249
114.307259220996
114.31194789454
114.319332636374
114.329197069724
114.335077998276
114.340537723874
114.346040542717
114.348394808797
114.354109554774
114.355880211366
114.358792193191
114.359973130828
114.361576463306
114.360611972908
114.36144797939
114.363921735926
114.366018944522
114.368049364376
114.365906084451
114.364406075307
114.36170018916
114.360273859888
114.360184565442
114.355906673124
114.353697936321
114.349570612104
114.341758346367
114.335218621458
114.325177922165
114.31439569132
114.305001835356
114.297332927584
114.293592259441
114.291949274232
114.287907432678
114.285085024159
114.280461408195
114.273773027948
114.26806849238
114.262359855619
114.253225945092
114.248420982203
114.243421485765
114.236890528281
114.234470243734
114.232636702852
114.234284955931
114.234652314114
114.231175791856
114.226690576835
114.224274329867
114.224368840959
114.223898541991
114.22297696849
114.221721464296
114.219763464152
114.215513944584
114.212341586556
114.211735083116
114.212396358141
114.209403226484
114.205413842914
114.205754076242
114.204647087288
114.203385854963
114.202615984892
114.201022381688
114.198108018285
114.195884985571
114.195253842182
114.190735227811
114.186095239224
114.181042089682
114.179318778588
114.174287530538
114.171405053948
114.173474581643
114.173767234707
114.172612362995
114.173445893517
114.174248988077
114.175655963758
114.174004935492
114.1710445746
114.169927939232
114.165112667674
114.15662679416
114.148436192826
114.145313912218
114.140814226611
114.14361426842
114.146298012905
114.145275049256
114.146080548512
114.148176539899
114.148290705962
114.14534607495
114.142711364668
114.142848437881
114.142516521277
114.137810891593
114.131749734648
114.126011870248
114.11801198829
114.107475399746
114.100400017185
114.097399719409
114.092924514955
114.086969176602
114.081781082751
114.074023507833
114.07027158177
114.064543901874
114.054448217417
114.04668325254
114.03903410775
114.031108610013
114.02247918919
114.016185734385
114.011105453122
114.006533366542
114.002522298964
113.999062038901
113.994713598612
113.990040274998
113.9845339612
113.978801104827
113.971594386348
113.963950403441
113.956859969178
113.949428009468
113.945999592076
113.944019623336
113.942948176351
113.941946287198
113.937861710449
113.931144806216
113.926194351075
113.919089086372
113.911061415783
113.905173298233
113.901479588792
113.895311257045
113.889343717742
113.882713132384
113.8741294087
113.866335987189
113.861321872144
113.850712149578
113.842291012865
113.838628347476
113.828750798801
113.825669100923
113.824577904555
113.819811868739
113.816711615952
113.812240816485
113.803599131826
113.797705389847
113.796808631034
113.793195171454
113.787880879472
113.780747329659
113.772536572198
113.768503337294
113.76546996431
113.758212098046
113.752579132589
113.747630364704
113.741576865032
113.734670208006
113.727854313936
113.725192369565
113.724586233957
113.722997074144
113.719173294415
113.711687018834
113.704672099
113.698396045204
113.694423723245
113.68949144583
113.684177403708
113.679121030276
113.67479782797
113.672587734149
113.670921905738
113.667086041631
113.662201360919
113.658673337907
113.658095357303
113.655488518746
113.650474041725
113.647125884029
113.645949741572
113.644736925925
113.645619583837
113.646960386837
113.64813420091
113.64433874435
113.639876612676
113.638307838406
113.635550330622
113.634688913202
113.630566156674
113.623640694095
113.617303150265
113.610690409597
113.60559190741
113.6020901363
113.593594958655
113.581497671632
113.570836906464
113.561451214785
113.55620987411
113.546879546999
113.53973645877
113.533798669728
113.524368768925
113.514757669963
113.51130556202
113.513345151848
113.515087960361
113.515949457152
113.514071582158
113.514392181981
113.516161702852
113.517443249297
113.517733826301
113.519657699317
113.523167810671
113.527508695133
113.526539955048
113.525121759699
113.524435327833
113.521584597396
113.522471738611
113.525715893901
113.525252548597
113.52613346057
113.531323059609
113.530969075105
113.531020675325
113.536292158695
113.539012821558
113.546760980572
113.551879091585
113.556538580048
113.565803460279
113.576241559625
113.585679249396
113.592377088634
113.598271732161
113.604012241088
113.613154117584
113.624088548146
113.633285153681
113.641626019154
113.649220601198
113.65750132467
113.668405653856
113.678007023643
113.68865151281
113.697403552359
113.706038531223
113.713794027411
113.719864635507
113.724897010551
113.72860097474
113.731094907176
113.732159184582
113.736721801323
113.742867071517
113.745035726844
113.746417327246
113.75127794065
113.756083172924
113.758696165947
113.765499370284
113.766713257213
113.770769813375
113.77253188517
113.772798943716
113.770391200563
113.765200685334
113.760117275916
113.759422036001
113.760734059969
113.760382666416
113.762267753142
113.767665140922
113.77670687076
113.787111723888
113.795880610135
113.80617694528
113.812835341994
113.819972365367
113.830745365361
113.841914008701
113.85282244567
113.860990807634
113.87487138511
113.883139132039
113.888901246752
113.896417768648
113.906332339593
113.910030756238
113.914020106976
113.918942334038
113.923073620872
113.928906999287
113.934760586384
113.939948491156
113.947483173554
113.954104589838
113.956660178305
113.96064956192
113.962527914257
113.96588726554
113.974066877968
113.980439853797
113.990039847004
113.994763411786
113.999931423351
114.004019892328
114.0082025235
114.012125446938
114.014019120183
114.014789266861
114.014507714485
114.017813471459
114.019135858689
114.019882248039
114.024655275641
114.025544336166
114.023110393156
114.021956929566
114.021687494506
114.022187761316
114.021210197754
114.022272903115
114.020985801683
114.017787722344
114.016679476995
114.014125429377
114.010600163089
114.011250478671
114.014014954787
114.015555033326
114.020552705314
114.021441463523
114.022949673295
114.02318008269
114.020172762228
114.022420678073
114.024167924251
114.028576949584
114.028492401483
114.028239842226
114.02769665597
114.025359203868
114.023317737459
114.019020973525
114.013823576197
114.011605957572
114.012824880288
114.01242723422
114.01048574818
114.010165252822
114.008969162933
114.00751978861
114.009304274926
114.011294975915
114.011732473245
114.016256675893
114.019442682323
114.022044354356
114.022491395186
114.018590343158
114.01954391375
114.023301647165
114.022780372945
114.024142544752
114.024894470447
114.022995241631
114.020399728055
114.017814270853
114.018648751381
114.022730350275
114.02502814125
114.023832534739
114.024290370788
114.026166932652
114.027498997443
114.029991058215
114.032570422189
114.031375713246
114.036886053326
114.044321112534
114.048987718265
114.050960364909
114.05090801178
114.050154390038
114.048127957709
114.043359598464
114.03747690899
114.032716174862
114.026942368964
114.025566543703
114.024271196611
114.023574631357
114.020892085417
114.016164563841
114.009803502892
114.003341975139
114.001380634643
114.000223644623
113.994631982855
113.987672668556
113.98114347029
113.977262119192
113.974258327934
113.97040110584
113.971337048991
113.969343103134
113.967461580047
113.966093506325
113.96299179878
113.958453961652
113.956358069976
113.95201313366
113.949266785283
113.94749939705
113.943231394423
113.940827596656
113.939054224048
113.935689411516
113.93490817549
113.934684658907
113.934253083258
113.93580982537
113.933851947085
113.932085213522
113.930548912914
113.92712834372
113.922418901977
113.919335820157
113.917445239965
113.915523001999
113.910599588488
113.90520620436
113.900769853785
113.897523636142
113.892133519397
113.886643505488
113.88440340004
113.878042261595
113.872957591956
113.870667676873
113.865488753784
113.862591036899
113.865594246188
113.865629164002
113.861452619158
113.857731797647
113.855189881509
113.852383133976
113.849816927203
113.84837146968
113.846896654504
113.842252377406
113.838836081767
113.834168716737
113.831954838215
113.826109977738
113.818576714942
113.815050072292
113.8113808724
113.803009996305
113.798517375934
113.79709319519
113.794490754311
113.788953709568
113.78411027515
113.784055019694
113.78465047538
113.78465590988
113.783362195913
113.778022504404
113.774978755211
113.772135558375
113.770971954128
113.767551026728
113.76111272909
113.755636986822
113.749815366111
113.742317098538
113.739443167254
113.734868668415
113.731017603716
113.727029055878
113.720478906135
113.713681086307
113.709982451784
113.708362835079
113.704629262699
113.697810435103
113.689382245948
113.688388118658
113.683798074492
113.678406227325
113.672909029543
113.670564421103
113.665562834169
113.656703868645
113.652285151053
113.647455997232
113.642473450883
113.637829369338
113.62940362376
113.625828782588
113.623812883792
113.622801638551
113.617485470491
113.610241853693
113.607303810907
113.603995268646
113.596922324605
113.592182210776
113.591254657053
113.590881530748
113.590947369061
113.591796122241
113.594140683669
113.59936421452
113.600975474538
113.605655053698
113.615294813977
113.621346435616
113.624764781974
113.624686762308
113.626876555686
113.628069941363
113.631118900229
113.636869815286
113.642553716373
113.649032691669
113.652166424134
113.655606684817
113.656893739289
113.660021696387
113.665931531472
113.669688187275
113.676199222924
113.679804212968
113.684215862336
113.687678183662
113.686421297205
113.686096475147
113.6890983231
113.693041224185
113.697290291036
113.700340806988
113.705269121333
113.708896730767
113.711034999162
113.715063446369
113.719721195974
113.721585288217
113.719536703489
113.717004366859
113.714739771194
113.712302580556
113.713561807027
113.713517099565
113.718304403476
113.723319080757
113.724418110426
113.724222049648
113.723264333348
113.722688685252
113.719414788406
113.713701275603
113.709099606757
113.704449056291
113.700338603556
113.701942106295
113.704817341025
113.707073663841
113.712594451619
113.718834092758
113.725779914955
113.729908290587
113.730236886555
113.729553008181
113.729809790637
113.730775037508
113.732172379204
113.735637862962
113.740835332393
113.744076547095
113.746897106199
113.750624159584
113.752742423087
113.752368878096
113.758291251776
113.760265599315
113.761653820435
113.766573700833
113.768576715723
113.770822782824
113.768830909719
113.767841233888
113.76719472817
113.766188204372
113.762618692314
113.75426420199
113.752946054473
113.752085026396
113.751598710595
113.749853073136
113.747833389633
113.74708391039
113.74498029809
113.746097830103
113.746754434532
113.749741729397
113.753412555152
113.755458972233
113.762136340346
113.766896646562
113.771966313346
113.778963288158
113.784784583517
113.789884109169
113.799464865533
113.806010150722
113.807712981208
113.811276752178
113.816523976497
113.825342055598
113.832879917443
113.839016644286
113.847894557618
113.858753716155
113.869900305022
113.876233272912
113.883649988253
113.891524805384
113.899314709826
113.909859359044
113.921806546059
113.930206573262
113.935800381748
113.941787594335
113.946828742903
113.951996012959
113.957112523047
113.962850988714
113.964957245642
113.962786060254
113.962682419087
113.964700878872
113.968789757938
113.972490639535
113.975847192272
113.981089684828
113.983812110508
113.986252120805
113.990281980549
113.993078717136
113.997314618629
114.001094175813
114.001621591991
114.004434526223
114.006549155716
114.007882053893
114.009458457317
114.010549046297
114.009061711707
114.006930613042
114.007443589275
114.008425045735
114.008172238534
114.004698238078
114.003358522346
113.99966847794
113.99199087536
113.989680826494
113.987861543481
113.987994521356
113.989859227526
113.991735964
113.990955298244
113.99387348644
113.996639502522
113.995719057977
113.998896708014
114.003472415948
114.006149569629
114.007941461222
114.013678574858
114.020258700082
114.025945921872
114.03419918597
114.039497639959
114.0436286301
114.046625217749
114.047363399762
114.051646511891
114.059518083696
114.06280825307
114.068021529353
114.070925464032
114.073852005247
114.079047692791
114.081800482086
114.086258640249
114.090331474844
114.091950622862
114.093172789356
114.09435854715
114.092097722527
114.089191976321
114.085247275342
114.082816571424
114.084852415468
114.088112843042
114.090252399147
114.092520110246
114.096484660954
114.098619364611
114.100703142277
114.101150940917
114.103756014948
114.106316632706
114.106942315499
114.110327147914
114.113056517706
114.113332758936
114.111978103739
114.116213775161
114.118261849351
114.119678889957
114.122984149877
114.125693430975
114.130135353922
114.137578758134
114.144546173354
114.14715211019
114.147117425474
114.145383148309
114.14087616091
114.137955887933
114.13684708566
114.13762611358
114.138804634163
114.135627731447
114.137900652644
114.138561980622
114.138800424012
114.139284953873
114.137484453057
114.137631570362
114.138432162562
114.138887026714
114.141222961657
114.134959609339
114.132555545135
114.134410092292
114.131207065679
114.129455512763
114.127276264076
114.12256224732
114.117629704875
114.114609404042
114.110965351784
114.107222387837
114.101537328194
114.094948744525
114.084942287111
114.072894279149
114.063343038324
114.050662824626
114.042293549579
114.033437074533
114.02353672051
114.014352968972
114.006315074053
113.994583131567
113.983069598674
113.972432167658
113.959150947535
113.942675272097
113.929032142005
113.913801419689
113.895777198323
113.880370905969
113.867111568285
113.852709521546
113.843777543576
113.836271468658
113.828480180683
113.820253509665
113.812688595034
113.807100944481
113.802443278495
113.797081783923
113.789835791319
113.784416919359
113.778377569154
113.775757349391
113.770619906017
113.763998216866
113.759377470231
113.751104459533
113.743750554812
113.736756600389
113.727909072198
113.719036181578
113.709619528083
113.705314633811
113.697684759741
113.692971096811
113.689266826217
113.685711803764
113.678725038961
113.672748298877
113.67266482279
113.671953225538
113.671696306581
113.671580701536
113.666857314406
113.662471594587
113.661454651734
113.657832429368
113.657676483666
113.65569515991
113.652985438356
113.65313962037
113.653523283499
113.653812288017
113.652585930441
113.650687681715
113.645958622342
113.643280651577
113.641804748377
113.638223616709
113.631367490809
113.62245881623
113.619661832562
113.615161999479
113.611606422693
113.608413086801
113.607270162856
113.604046671309
113.597045630185
113.590498588848
113.5834027009
113.576550448805
113.572564443523
113.569563015249
113.565323508543
113.56186485025
113.556493643229
113.552252124964
113.545123905116
113.534022730443
113.521823620459
113.511828657644
113.503567397907
113.4964832492
113.488048685829
113.48262663213
113.47636782269
113.470392318851
113.466255575121
113.463730691429
113.461138973164
113.457977052101
113.45071538461
113.444152143302
113.443073616774
113.444585079461
113.443289754279
113.438454764186
113.437915894623
113.439550504883
113.440235078515
113.440145864252
113.439368913474
113.441475710178
113.444701731374
113.446302244644
113.450251148646
113.455232197381
113.458529911949
113.459860103511
113.458459690579
113.460323659546
113.461756753792
113.461418578508
113.464424979491
113.465933866118
113.469694632805
113.474917678999
113.481020864844
113.487430521055
113.492438523948
113.496636590851
113.502813170887
113.510274123575
113.518217536921
113.522882361716
113.527735230281
113.533679900448
113.536859107046
113.538430177188
113.534090129918
113.531225589164
113.532034674021
113.536788498719
113.538281218878
113.534701509088
113.53388179017
113.537345465648
113.542488337528
113.542851209679
113.543537154289
113.544233973552
113.546237272486
113.54898342304
113.552023029985
113.556073075704
113.559842183427
113.561077560271
113.565384521987
113.572276649634
113.573204924695
113.57916215814
113.584439271616
113.585908292545
113.587821019462
113.591506582515
113.593620345595
113.593301523022
113.595331518709
113.596794593847
113.599823159338
113.606023989678
113.616909015706
113.628968408096
113.637609961817
113.646230983395
113.65565344702
113.6654855046
113.675972957655
113.688912264261
113.700865001264
113.70981087049
113.720011893352
113.729095938899
113.74037776941
113.750420972007
113.762197024134
113.782680711522
113.795883478262
113.809176929234
113.822166586578
113.833264697493
113.845056450738
113.854814121863
113.864805462675
113.87739018863
113.892658629467
113.904802715986
113.915874184491
113.927315350049
113.940112622618
113.953056154964
113.965284906191
113.975782701827
113.98752070701
113.998732965597
114.011264601816
114.024455907828
114.035748636874
114.04679304209
114.057845856601
114.068197177194
114.073317491864
114.081009943685
114.088668621002
114.092443111181
114.099767889303
114.10715074143
114.114795302813
114.122439302302
114.129371412752
114.136684304253
114.142772979412
114.147308199972
114.151309954616
114.151638092377
114.155550214465
114.158082911873
114.156615296674
114.153641500367
114.147677512607
114.14111760535
114.133124255205
114.128341461273
114.121201311296
114.114039313271
114.106640432366
114.102895231118
114.099856974067
114.094043842703
114.09092774737
114.088844847925
114.090415326048
114.092954302484
114.09429387713
114.096972154157
114.099763956017
114.101145338727
114.102468754713
114.104913175421
114.106939940293
114.111787956323
114.114097426041
114.115229622285
114.115518173896
114.114696533348
114.115729141645
114.116512514141
114.123789378844
114.13085488013
114.135998035222
114.141464384933
114.147264477989
114.153916904414
114.159063436878
114.166676593439
114.172547235538
114.175641300888
114.18257176149
114.190710142395
114.199175198304
114.206734844421
114.213245931697
114.216532446002
114.219590644736
114.219962025439
114.222193477164
114.228358133732
114.237825322271
114.246352951108
114.249700775084
114.255537686825
114.260760651861
114.262916609727
114.261851255556
114.261578697933
114.260020953028
114.257555569562
114.254834775399
114.249377724953
114.243413852116
114.238552595396
114.232646095603
114.226119182765
114.221506244748
114.215410952936
114.208124618668
114.201218328401
114.197322538682
114.193629558364
114.192941756387
114.18980252909
114.181962645934
114.174109147329
114.16844920672
114.165329939516
114.159615245155
114.154474475248
114.148920647297
114.141097527155
114.131835549215
114.124803759073
114.121043012254
114.113996061686
114.105142489226
114.097823641864
114.089756150766
114.078117666005
114.064554653187
114.053786780943
114.043819497148
114.035802273615
114.030560315469
114.026187734729
114.021867155769
114.017135744542
114.010124146018
114.002411280618
113.997062839608
113.99131640085
113.984547996065
113.975590172735
113.965628516695
113.959018565125
113.957274630283
113.951866456578
113.946283530388
113.945070639994
113.938829289082
113.9289780301
113.923000347876
113.916297837939
113.912560697628
113.909422547525
113.908536807363
113.908416631106
113.910330748423
113.911459478623
113.908380697173
113.90393075353
113.901798686466
113.898456268893
113.896524488338
113.896650461046
113.894249116632
113.891434696868
113.890875000853
113.891529137149
113.88697250396
113.883262484705
113.879225076678
113.872346015745
113.869763265944
113.869167231577
113.867531975175
113.865725721878
113.860701148729
113.85386772883
113.848616204827
113.84502950778
113.837673575211
113.830798326373
113.824655016252
113.819103765624
113.812930105784
113.804252058465
113.79459759565
113.779758472992
113.76541417465
113.753383396021
113.740576907655
113.725348299645
113.710634744136
113.696096848864
113.684453708346
113.669918971625
113.653859088361
113.637875785049
113.623497499714
113.609801873989
113.598079374192
113.585600609972
113.571985510462
113.557318341762
113.546985335961
113.539288135074
113.529549058829
113.523268572786
113.516129119232
113.509146081804
113.503378324234
113.496841906844
113.492386071161
113.487419911353
113.482092884125
113.478199008891
113.476865527077
113.471226620542
113.465168850025
113.458212549849
113.457608281164
113.459436021759
113.460500506804
113.461040832186
113.463358381931
113.467921504464
113.474688852426
113.478592164852
113.480975558145
113.484580117603
113.490917589904
113.494488414459
113.493026470912
113.491360560358
113.487771389702
113.485802870941
113.488106201544
113.489300538437
113.489443861406
113.491152621067
113.493588892777
113.492285668083
113.495329834814
113.498464051405
113.496148370792
113.494580037894
113.493055131287
113.493907637113
113.496529152755
113.500212720657
113.504248833898
113.507042680328
113.508501341475
113.508338592333
113.513968387817
113.516093853696
113.517599704759
113.51937365902
113.521947922089
113.522157335252
113.524783442793
113.526910618692
113.524294090894
113.522990252263
113.52002630908
113.519887959284
113.522454189301
113.528377977911
113.532669484302
113.538361008939
113.542042696824
113.546128474892
113.54643370665
113.546140393243
113.547137325437
113.548106250512
113.547039844801
113.543402026289
113.536899995472
113.528598071344
113.520716542995
113.512037297932
113.500402740518
113.4908737699
113.485541617032
113.47897175333
113.475112201668
113.473515881156
113.473175364673
113.470263261588
113.464199180849
113.460069732376
113.46331531515
113.468442546817
113.47408904569
113.484173386096
113.497640800534
113.505781684515
113.512730001517
113.520125578713
113.528703896805
113.539012472796
113.547651029635
113.553851798076
113.565545610837
113.578000200114
113.588551642339
113.603175975882
113.615272472763
113.626379178907
113.640141474681
113.653368641539
113.668011486226
113.678255397232
113.68751928563
113.698142082144
113.70851684551
113.717456463809
113.726781729621
113.733526228041
113.741582686063
113.750882230439
113.761111465239
113.7734941502
113.782169541003
113.790618712054
113.796335551572
113.803414517997
113.811101018852
113.81872854787
113.826975261723
113.8388988679
113.852101216786
113.864891115587
113.875788490402
113.885631720686
113.895896218634
113.902713507435
113.910429967412
113.91698419302
113.91911516188
113.922559908921
113.924284555688
113.927172715841
113.931266356986
113.933084349049
113.938008551395
113.940504922988
113.940149113465
113.942567076924
113.946793853247
113.944277276124
113.940236048688
113.938685613054
113.932970973429
113.92616504996
113.919282299839
113.910468302783
113.903583955668
113.901645204371
113.899012240766
113.897584067324
113.898889839046
113.898683971724
113.898161565935
113.898191101327
113.898025023113
113.900735000698
113.899117698711
113.896912881513
113.893930612089
113.890987328312
113.890577797184
113.893830735894
113.897168149375
113.901243729684
113.904149339821
113.908058967686
113.911297397921
113.91335586234
113.919816817788
113.926519076848
113.9354815094
113.946509259073
113.952252234541
113.963594210747
113.97369273711
113.980038057744
113.990863628287
114.002170961423
114.013389199266
114.022632641991
114.033045945055
114.044419940531
114.05437510848
114.064569914376
114.073291014471
114.082198658779
114.09110460552
114.09919353812
114.10633146387
114.11103535134
114.112958225719
114.118999192415
114.12557763431
114.131911048539
114.136997667461
114.138989087225
114.140690866471
114.139067979654
114.13368158075
114.128126463959
114.122164763516
114.117205982098
114.113455242148
114.108924257373
114.104177909329
114.097605442557
114.089571558135
114.079046955807
114.066201333525
114.057358459637
114.050633697615
114.045271362372
114.03865225777
114.031314764463
114.023794995939
114.018088092318
114.010562541533
114.001830649429
113.991884135596
113.98240496511
113.977710083327
113.97660717129
113.976895278848
113.974863568361
113.97152763056
113.969585170792
113.970057662384
113.970770845966
113.968524801371
113.967654948496
113.967446590516
113.962204400866
113.956914503728
113.952367220861
113.946115409927
113.940727036403
113.931117342174
113.924489285423
113.919829423781
113.91173221713
113.90421230872
113.899703010522
113.894335455794
113.892284199378
113.887172596624
113.88510812333
113.884695449849
113.882922372757
113.878075620849
113.874712232631
113.872303826633
113.870317722323
113.867922283527
113.86449636925
113.863914252101
113.861647391866
113.859457131843
113.857777039893
113.856701849379
113.858711683494
113.859743658738
113.861857494291
113.864652443479
113.866911219056
113.867868591837
113.868905947905
113.871719164622
113.873999639201
113.873573020633
113.876011374785
113.877033477564
113.878565760753
113.884144149743
113.886731106108
113.885371765202
113.883019987876
113.881445670199
113.875151306108
113.868234971271
113.861964319295
113.857960855278
113.851637645893
113.843598162995
113.83774252067
113.830045506225
113.820188975049
113.807232845385
113.796338897287
113.786445601361
113.776157067775
113.766876175412
113.757246805039
113.748802072439
113.741346766354
113.732041177022
113.721908251022
113.713019226087
113.707714014932
113.698794489101
113.690588608847
113.683140778335
113.67777683821
113.675352211747
113.673572497421
113.66654897076
113.658498360974
113.654477986604
113.653262609627
113.653430318336
113.648130767049
113.643274900206
113.638349941679
113.628687964998
113.625171107265
113.624907159953
113.623146974711
113.621621543779
113.620346485541
113.618355833249
113.616381968954
113.613840830845
113.609158532264
113.605507485488
113.599717359065
113.593993909808
113.588425095611
113.585224768678
113.581759468353
113.577277930394
113.57310857828
113.565017127345
113.55866638255
113.553839287542
113.547645833312
113.54341642525
113.536498786599
113.52784614009
113.520166734768
113.512577580971
113.506162460296
113.498553264063
113.491915186452
113.48626239471
113.481648122212
113.472668454835
113.462894591218
113.456686227466
113.449067829852
113.442363395837
113.43970763714
113.436141748875
113.430279597957
113.42316150575
113.414032653775
113.41017518772
113.407291326122
113.404672328681
113.406703656533
113.408830403065
113.411023390265
113.4099259952
113.409894096532
113.410391487366
113.408676762979
113.407958740304
113.404269691926
113.399263873545
113.391093782856
113.384058110235
113.379977781288
113.376799416566
113.372857637376
113.368209966818
113.36512257314
113.35919554505
113.354093941591
113.352796968516
113.351560319174
113.35048909885
113.347543592266
113.341465828672
113.338704328627
113.335686478408
113.331991300428
113.330037047275
113.325503717982
113.323874171775
113.323389610357
113.319717740774
113.313862728536
113.30932509098
113.305612243784
113.301264304308
113.293544484698
113.290331294146
113.287241767058
113.285273196206
113.282933092861
113.282773779094
113.287307588865
113.292902070308
113.295344637789
113.303599773618
113.312416014997
113.324430270051
113.334413019176
113.346123216998
113.357994651174
113.370450011146
113.383815805523
113.393224079722
113.402892244528
113.4169501347
113.432025473373
113.448348477349
113.464845928399
113.477157113377
113.490016689901
113.500843953566
113.51090187906
113.520096005865
113.530305593976
113.542907956353
113.552652903952
113.556645193068
113.56352981942
113.570853338789
113.573647365781
113.576728225134
113.579077473069
113.578936781907
113.581768172471
113.58932210614
113.595628512379
113.600153779292
113.599743439507
113.600348724662
113.602819817491
113.605126913004
113.607738727551
113.607967745058
113.609463963607
113.615969338506
113.621130069837
113.627750653205
113.63097933466
113.631289089699
113.631912838196
113.631995760839
113.632511167314
113.632010336047
113.633181660957
113.63385455402
113.63251454495
113.631646186403
113.633175922931
113.634533381244
113.631729791893
113.631257013607
113.635299218323
113.639142456888
113.641116510352
113.646278263926
113.651264029379
113.655268846344
113.659328735991
113.66478573252
113.6718371288
113.677698503991
113.683256254572
113.687692050546
113.690506036727
113.694432093906
113.701846577102
113.708926164586
113.715675195856
113.722694910644
113.730542178208
113.740045128942
113.750062075475
113.757948949
113.765100250584
113.768417632048
113.777035239622
113.788867532927
113.798500425506
113.805675445939
113.813412814112
113.820347177154
113.825237716125
113.828293342432
113.832872278086
113.838368294835
113.84471012929
113.851216099456
113.858024249384
113.85911231304
113.863282781941
113.868769936765
113.87368899454
113.878343177628
113.882773942199
113.889588131482
113.894542581719
113.900987936735
113.903888061788
113.907075570004
113.908014497649
113.910636371004
113.913031521944
113.911794294531
113.913347760336
113.913355029289
113.913950074454
113.914135040055
113.913320283853
113.910807938198
113.910823876723
113.906583329627
113.903549599524
113.90179661502
113.899849524367
113.896743082359
113.894159909536
113.89136663892
113.888551790331
113.885469007053
113.882538404466
113.877502655636
113.875960138284
113.874297739306
113.87585117056
113.87621248871
113.874063231134
113.877237354682
113.876900773938
113.877601446013
113.875454635231
113.875518145154
113.875324520249
113.870524456781
113.865275547888
113.859154183869
113.852362781102
113.846731034474
113.842618681561
113.83844503244
113.832615755431
113.823437776695
113.814041995956
113.806882798697
113.796537535356
113.785807501052
113.777799684225
113.773080601683
113.766449947596
113.759230895199
113.749663918037
113.741717201624
113.736800928211
113.732710537175
113.726283708042
113.723130719507
113.719776394057
113.715155858845
113.712902045395
113.711544479122
113.708152110196
113.704850399143
113.70476646599
113.702463856156
113.699631498775
113.700210218507
113.697450462551
113.692495025249
113.690568842292
113.690042813178
113.687931855248
113.688277348087
113.688799375969
113.684824384445
113.681702000955
113.676140501312
113.671199886468
113.669760505118
113.665992761765
113.664262744737
113.658330527839
113.650210650797
113.646140281388
113.640189267545
113.634548325674
113.62802538252
113.620030980868
113.617265262186
113.615778488613
113.614450052777
113.615966314541
113.612489297179
113.611051048732
113.609068061059
113.606705918154
113.605099935125
113.600555775251
113.596684441265
113.597679225932
113.597574807118
113.595424328657
113.594686001589
113.596252655095
113.594558999985
113.588236259208
113.581647907347
113.577948516241
113.572531080725
113.563306307487
113.556006034065
113.545404626267
113.535823816229
113.526237785726
113.517974011435
113.512882583816
113.510331061131
113.506556195348
113.501738361745
113.497022903708
113.488364651918
113.479741849501
113.473356943221
113.463510330762
113.451676410151
113.442028187065
113.433731217789
113.425658410755
113.420543634575
113.416251416003
113.412910400442
113.412903987875
113.411117476232
113.407919378281
113.404391019569
113.397334981747
113.390860043542
113.386385296151
113.381708111321
113.377505565899
113.37353282043
113.371543330384
113.368575829272
113.363472260427
113.358914322064
113.356654391741
113.351447473093
113.345283287365
113.336984796557
113.330854184653
113.328332558474
113.322847866214
113.316871217141
113.308741525497
113.298970976602
113.287241466487
113.274460136436
113.260805661858
113.247639232548
113.237145045855
113.230573037585
113.22282300225
113.215156366567
113.208933545224
113.207906669335
113.20834806385
113.205887830312
113.203629080994
113.202924301315
113.202680049963
113.203978988794
113.201056057813
113.19877932396
113.198124034546
113.197700941193
113.19815664549
113.197563925149
113.198059852922
113.19730125412
113.195992045016
113.193454230674
113.191153412393
113.192142296558
113.193270794849
113.192535882727
113.192913525297
113.194021055579
113.196084974256
113.198979588639
113.202997036124
113.209159776963
113.213648739425
113.221428567209
113.227237504241
113.232418408592
113.240572538678
113.245741793851
113.246772041066
113.25226006853
113.258496707187
113.259436857675
113.263646358838
113.27044939747
113.275766774479
113.279857863954
113.280287155343
113.279771647121
113.281712272083
113.285697553819
113.28808322477
113.286601142307
113.285981451558
113.290194353709
113.293547418962
113.297583989578
113.302185748863
113.303920710581
113.312234640591
113.321568674165
113.326798567249
113.332134863234
113.33430630558
113.33843528896
113.342996984323
113.346184770189
113.346190802396
113.345911866906
113.344876018834
113.345435882817
113.344593995935
113.342270539137
113.338941592736
113.337813179914
113.337611662109
113.335803189811
113.331377509113
113.332746367281
113.332692672043
113.335821173441
113.337372309764
113.337841090652
113.337602336638
113.337371368053
113.335261605054
113.336704719623
113.334980538772
113.331903789241
113.331689637554
113.332086182028
113.337177076159
113.341396382406
113.346877864643
113.356640833279
113.367015480671
113.376898315525
113.386093426591
113.39483287344
113.40334772946
113.413181836195
113.42370157184
113.435281421175
113.445647569884
113.456506754612
113.467442770644
113.476881450313
113.486662705007
113.497512636706
113.50847768466
113.521586782876
113.529720623622
113.541042203236
113.55622956871
113.563752266563
113.57262928567
113.584356296645
113.594386014037
113.602796458692
113.608832576178
113.610950350602
113.613605178022
113.617246175668
113.623148109869
113.628105381047
113.635702461614
113.645185259767
113.657650728609
113.669564773194
113.679239664429
113.690064696594
113.700350373083
113.711694717045
113.722455382552
113.730536883
113.739598655149
113.747459121127
113.757533616029
113.766463565952
113.772455451072
113.778038958464
113.786006300287
113.792893187694
113.799937513919
113.806892417454
113.81315863655
113.817546554857
113.818886104762
113.825308576826
113.828949691623
113.833736902167
113.842734416058
113.851790807182
113.86242890079
113.874593291688
113.888616979662
113.901750102215
113.915000990215
113.927985579894
113.9365811757
113.944950408881
113.954304438322
113.966346039746
113.974809870083
113.980093611126
113.984241010951
113.986492620458
113.989886968423
113.991881884184
113.993615438644
113.997576714141
114.001950613905
114.005203748401
114.006696029128
114.00992577959
114.01481578461
114.018445395298
114.020492607351
114.0229027855
114.025266369197
114.024334437799
114.027634568177
114.026871748835
114.025222636795
114.021929945077
114.018981705147
114.016339092483
114.01613132473
114.016827551896
114.017796970278
114.016467644737
114.014576405813
114.015116872103
114.009007971122
114.004522996985
114.001198587567
113.994497799836
113.989700879565
113.988586640954
113.988220120046
113.986085039775
113.9856035766
113.98066528582
113.975005667812
113.97070774345
113.968039040595
113.964995114412
113.963479395738
113.962654146893
113.962465424417
113.960104715838
113.959599247949
113.958502543181
113.958735830169
113.958378538728
113.956404427571
113.955065375934
113.952763138872
113.946292911317
113.939197450018
113.932150165959
113.926725993629
113.920848976007
113.917089159416
113.914603365909
113.908685561628
113.900774424687
113.892384899281
113.886027104701
113.881247647329
113.877058692094
113.873354365075
113.867647234564
113.864804908351
113.862812560786
113.860489965809
113.856321599272
113.855042486848
113.854569201346
113.850440918421
113.844994463025
113.83944766256
113.833590608993
113.828889688662
113.823283529149
113.816425167562
113.807627346595
113.80034682371
113.795199653024
113.787584168894
113.780270332598
113.770581364236
113.758101890544
113.746676157596
113.736807572758
113.72513345146
113.713560889714
113.705197527276
113.696747938204
113.687335780598
113.681584078301
113.674706942528
113.667488176978
113.658826137951
113.649312464124
113.640405526388
113.633656012659
113.628259829535
113.624055841373
113.614762044536
113.60559963103
113.600495955002
113.596116177335
113.590273901743
113.586187890414
113.584332068552
113.584587808033
113.581985279072
113.579659012476
113.576301463602
113.570892047032
113.569265319321
113.565224994147
113.561850382599
113.556742565424
113.553181404499
113.550406070869
113.548869455796
113.550139510268
113.550352801887
113.548536929605
113.54198869309
113.530552902192
113.523660587887
113.518752120149
113.512938705079
113.505429184592
113.49180322393
113.476807180614
113.465424597189
113.452289019244
113.439421621474
113.427817071142
113.416573438553
113.40627544421
113.397476203886
113.392576512231
113.388825274909
113.382991770186
113.377286681109
113.371790349787
113.365223902517
113.362098981107
113.365878625152
113.368573735572
113.368294453749
113.368161862455
113.366215529403
113.367052001017
113.368627030976
113.366943841372
113.364651394398
113.362536217177
113.361856859731
113.361692094159
113.358927544476
113.358295508196
113.355483027406
113.352902052079
113.349269129649
113.344739515583
113.343076913761
113.338242452011
113.33306067082
113.328041398328
113.319139324163
113.312057909071
113.305952863136
113.302925037615
113.299457337617
113.294658685109
113.294583723705
113.295011158808
113.296805980968
113.303492083374
113.30937946569
113.313377185764
113.314588977513
113.316783698717
113.321051398026
113.324446358554
113.327874542511
113.327889464722
113.333191331825
113.338976030238
113.342504622797
113.344230635524
113.346806698004
113.346754504326
113.348877092513
113.34985372651
113.350000684308
113.351268812775
113.353974478486
113.356442746807
113.35859948446
113.360033140335
113.362227437715
113.366245193404
113.371859252624
113.377593301785
113.384517819946
113.387163268356
113.391074789715
113.394999493053
113.398406903876
113.403544782225
113.410817701592
113.415146921313
113.418351188801
113.422587073914
113.431659903641
113.438556040264
113.44701521474
113.450892897404
113.455582809213
113.460688674009
113.465666174021
113.47210298236
113.479668096873
113.484418601364
113.488458717736
113.496659444464
113.507754228866
113.516350761663
113.524041184344
113.53303728993
113.542496755575
113.551907194222
113.55800619402
113.562859258813
113.570495003243
113.578301579383
113.584893937208
113.590140687927
113.595825483016
113.59920122399
113.603466731185
113.609470430454
113.613625495628
113.619784624861
113.628507476146
113.634169373652
113.64027838761
113.648374648543
113.657830587617
113.665610322837
113.673036742927
113.679994161498
113.683605270051
113.686886201267
113.691811354103
113.695195051086
113.698865554812
113.701485333172
113.704917061699
113.711299405161
113.716442906091
113.714883445492
113.716900671821
113.721451292488
113.726104538059
113.729023414059
113.734436737932
113.737182653836
113.739766645561
113.738477192147
113.736858894395
113.73741901152
113.733140264355
113.729026464374
113.726526318656
113.71996672623
113.717930016928
113.71526886177
113.714820103928
113.714203998052
113.71824932412
113.722801571197
113.725928931438
113.7313280855
113.733520279144
113.735951009064
113.737358241652
113.740338991203
113.74573824411
113.748150110957
113.750427660463
113.756027958391
113.761778463742
113.766442211371
113.770602161706
113.776795676642
113.784955475291
113.7922039519
113.796957574127
113.799287800706
113.801068959003
113.79973768228
113.795309263062
113.790079945781
113.784821968541
113.781344609521
113.775925517061
113.769481464916
113.76428897021
113.759550762828
113.754358507459
113.751923391231
113.748991162399
113.745142433681
113.739777609767
113.73521668164
113.72826582678
113.725139130531
113.723490795657
113.715308667796
113.711086208281
113.710241188015
113.704337495607
113.701951813084
113.701972126424
113.697222486761
113.692297817776
113.689456501053
113.684509013862
113.680189949375
113.67970920689
113.677985308531
113.674261253154
113.672466150698
113.670862253585
113.66471155852
113.658443963267
113.6536874363
113.653370533835
113.652968827367
113.652517589905
113.648865871133
113.645313659128
113.646221172101
113.644144475293
113.643097639332
113.641422695222
113.633669170819
113.627088402841
113.622832729031
113.615879153987
113.606404573011
113.600335238203
113.598632725863
113.595406820644
113.590404712644
113.581866092291
113.572710109084
113.566476055708
113.558113692744
113.551053897308
113.546207208664
113.53570434219
113.523600835961
113.514761326188
113.502809932111
113.489228276355
113.47660211847
113.464804583142
113.448902773453
113.429767942865
113.41349000987
113.39621300099
113.384282648448
113.373113242027
113.361867466199
113.350756024818
113.340392256523
113.32684611763
113.314498113187
113.304213981837
113.290812499622
113.276156425819
113.26158698649
113.246600400797
113.230921805544
113.218149125705
113.208469752019
113.198995328781
113.185835126602
113.173160126366
113.165840668383
113.157826143488
113.152068269167
113.142541906368
113.128068010581
113.118751181281
113.106222643026
113.093613579012
113.080043704176
113.068506480599
113.063562866018
113.056927088447
113.046237921466
113.03914436014
113.034068572524
113.030803203788
113.029073095172
113.027939085055
113.030159672612
113.033474028668
113.03792284481
113.043161535882
113.049110986405
113.054400990637
113.058636928455
113.066219588932
113.070745016363
113.073764343573
113.079388436493
113.087536478166
113.096211647306
113.102863392343
113.108862242654
113.117706581824
113.125556755007
113.135132625763
113.14428433591
113.149919501447
113.158895179665
113.163913895503
113.167700893938
113.173327484615
113.178610130728
113.186478747031
113.191845308345
113.194634473992
113.193895847031
113.192469268563
113.193048747095
113.192465262661
113.195817284856
113.199138247749
113.199997747534
113.20559117589
113.211883331188
113.218351963788
113.223211503775
113.230504936344
113.237694386489
113.244190051916
113.252674924719
113.2593867818
113.267265301501
113.27386287643
113.278956460467
113.285290694896
113.289568958559
113.292779044479
113.291048448447
113.290346544743
113.293366911681
113.295960988895
113.300199357777
113.300030147048
113.302318943146
113.305133241976
113.307171591941
113.31291634827
113.316721124121
113.319353163751
113.321665926916
113.323604319324
113.326169864547
113.330198103648
113.333821272894
113.337691335233
113.341815192656
113.343585309952
113.347376745793
113.349602031576
113.352387027865
113.357134031298
113.36197431235
113.368299714224
113.374023091076
113.386116989741
113.39599184558
113.405784444747
113.420815399863
113.435854710972
113.447267112042
113.463200367593
113.473876923909
113.486366454234
113.501015788386
113.513525208171
113.528539918897
113.543198537361
113.557331757189
113.571627451909
113.582059148419
113.593752796377
113.606111388083
113.618604563978
113.629783337015
113.641791681806
113.654025101606
113.661793769378
113.671318341575
113.681528771304
113.690700629033
113.698498487249
113.705851258858
113.712226557304
113.718724353893
113.727808318579
113.740216711601
113.74941281755
113.754166117682
113.763937872667
113.774220871323
113.781555163311
113.787692942026
113.790416724721
113.790868441311
113.794270842845
113.798147835928
113.803414978083
113.804587485952
113.807018894719
113.812312473014
113.817151066547
113.824382593117
113.83311330583
113.844503023783
113.855418036307
113.861505744535
113.86703754324
113.872749588112
113.878687508701
113.883194801642
113.887674099843
113.892653245673
113.896063345886
113.899313161036
113.901658126798
113.906239488562
113.910308447283
113.912705561946
113.914294051218
113.915905319404
113.916657803706
113.916060429064
113.911738547077
113.910745599841
113.90977615634
113.906239781437
113.904727976554
113.905912517003
113.906428837648
113.903231294936
113.901613339722
113.900695790822
113.898096620882
113.892653387394
113.890022118991
113.888412862998
113.890777015921
113.894626698265
113.893779889972
113.893874462286
113.898848807642
113.901704719866
113.902980090981
113.905918628008
113.911218170169
113.917919961371
113.924542365025
113.930747110119
113.941414851017
113.953518005968
113.962257474774
113.968735352854
113.974878800781
113.97932531895
113.98317657174
113.986504380107
113.992916491018
113.997330349015
113.998408291435
114.000871689392
114.001035895416
113.999755370144
113.995341550298
113.996417379524
113.997257815796
113.995995950686
113.998147577951
113.999703881186
114.000195586438
113.996663310976
113.994671131154
113.995884727988
113.996774785724
113.997670997727
113.999762189996
114.002623105597
114.004292192544
114.004291730471
114.003381103706
114.004274406909
114.002872436889
114.000482113499
113.998238076791
113.992585040673
113.989832761459
113.984673750809
113.977385215502
113.971700123894
113.964978684421
113.958835522007
113.951790495482
113.945342618183
113.93705360315
113.930926188424
113.929295038984
113.927748229449
113.922592498458
113.920063567476
113.917816601744
113.914429008795
113.911453786611
113.905778489025
113.89995365368
113.899810093957
113.897947066962
113.89584633676
113.894948628406
113.89287015837
113.888745022222
113.885016102132
113.882145133375
113.878541758732
113.874504537622
113.872274957043
113.868091319791
113.864867796023
113.860907361013
113.853199691284
113.853672337549
113.849162014746
113.843029128223
113.838691481982
113.831269782059
113.825289155744
113.817701513158
113.812787912284
113.808852656307
113.807151316974
113.80564302911
113.805335306878
113.805165873848
113.801882738939
113.795930918203
113.786580887989
113.77586434912
113.765632677148
113.756902936977
113.747928707824
113.739066761295
113.730908272112
113.723994513086
113.720586538946
113.718813773859
113.713342084153
113.707287704603
113.705014233543
113.7035841297
113.699994890048
113.694998270753
113.690312266816
113.685143812511
113.680369791011
113.674658431065
113.667670378851
113.661462968516
113.658252391465
113.655061071595
113.64987724584
113.648750311072
113.64515304689
113.641978010242
113.638225540619
113.631230930131
113.626530493222
113.621342573251
113.615417111979
113.606933072501
113.596938343222
113.591516097127
113.589866697327
113.583905294714
113.579585812406
113.574334621285
113.565573617877
113.557599443786
113.549073746929
113.545412826255
113.54214886929
113.535902369128
113.534138013816
113.534220785724
113.538422414779
113.535661205384
113.533201479977
113.533479114997
113.527999860451
113.524010971956
113.520443009563
113.515283862831
113.512526009474
113.508343100999
113.506796954779
113.508013272402
113.511367196814
113.511638697139
113.512465456946
113.521337849776
113.526443281144
113.527865574741
113.53034110978
113.534202414397
113.541675888355
113.548921606631
113.554972292456
113.558070743493
113.55912827313
113.568919162924
113.576140005794
113.57942651822
113.588053017615
113.595885509493
113.601132050736
113.608738118093
113.616708851178
113.625406510501
113.636151297195
113.644878916047
113.651177233724
113.658419923698
113.663827379109
113.667264560798
113.668488569411
113.671283976914
113.675966943518
113.680493569731
113.679062377357
113.678967207959
113.67588517238
113.669722484014
113.666988465229
113.666855982829
113.667804169177
113.668267226244
113.670003665685
113.670227913023
113.674985381691
113.68144378203
113.684001138559
113.691237402154
113.699260438079
113.703675144536
113.710256288135
113.719028704946
113.726768505587
113.733580894028
113.741789043795
113.750606885464
113.757268452078
113.765016107965
113.771424816275
113.780497322276
113.78687428758
113.790863840447
113.799373765567
113.806824339579
113.816026962023
113.820889549373
113.824687971549
113.829915814032
113.835379815407
113.840844177615
113.847454753098
113.858521666277
113.865367464842
113.871140886287
113.876590026481
113.881490937103
113.884802764356
113.891125518499
113.898773774821
113.907082920635
113.912910482254
113.913503890723
113.914824720594
113.918634427174
113.920306826785
113.925318900173
113.932256986865
113.939886717807
113.94741091325
113.950515822531
113.957787066537
113.962145733567
113.963208507808
113.964552211793
113.966954567128
113.96787948608
113.969046941264
113.97002761216
113.972530906661
113.974941314438
113.979087951154
113.984193108022
113.986970310402
113.987227666948
113.988798926643
113.991232941906
113.993771975236
113.998233569525
113.999721546369
114.002802721331
114.006077978236
114.008335734328
114.008891563266
114.009850441718
114.009757580295
114.00805231393
114.005811474646
114.005489700969
114.002401889845
114.00336138376
114.005008684312
114.003610433693
114.005759202473
114.007778622572
114.009387970483
114.011471014171
114.01261406718
114.015370955548
114.018698916096
114.020742832808
114.024070351211
114.028620183334
114.034001496708
114.037249874975
114.038658227608
114.042860682202
114.045842261441
114.050985671658
114.051635453831
114.05208996084
114.051042199216
114.049887437362
114.049352318931
114.046277997172
114.042520829241
114.037183758236
114.03289014012
114.030617126555
114.029766889759
114.032719068886
114.0324845083
114.032425370277
114.032705408188
114.032514082115
114.031621363415
114.030902710322
114.035004980072
114.036790812962
114.035939941293
114.03593088369
114.037945157561
114.041349022424
114.042709415798
114.041889368593
114.039944019582
114.03726325675
114.036470901464
114.035357067861
114.032060907793
114.029258223588
114.023830831942
114.02068104841
114.01876876164
114.016849755202
114.017817924234
114.018146791395
114.01938554855
114.022576437211
114.023011238215
114.025118262298
114.024076042731
114.020021310641
114.019411157171
114.017293390577
114.014401379423
114.011821743252
114.007212885016
114.00172239754
113.998593016512
113.994939783378
113.989126953289
113.98142088404
113.972671228663
113.966815943868
113.961251978746
113.954045608872
113.9496584177
113.944857465075
113.941624399994
113.944570091618
113.946022200909
113.945570743043
113.949875133225
113.953702277745
113.9556303913
113.956674444777
113.960584650555
113.960569038109
113.959104190273
113.959878912708
113.959756952133
113.955978082131
113.952976264823
113.951189152072
113.951951593607
113.955134309048
113.95830277321
113.957160925095
113.958947524834
113.960193606644
113.96162558559
113.966009932566
113.966250729545
113.963199287337
113.959737716122
113.956283136621
113.951760525288
113.943271960889
113.93750446286
113.935404397621
113.930766853368
113.919631331836
113.908661798366
113.899742596972
113.893481498962
113.886548083158
113.882541236354
113.879265451218
113.874574957957
113.871890671131
113.869876273955
113.867809572247
113.864082399618
113.8630025142
113.857951096964
113.851090950506
113.845867083129
113.840722375532
113.834666168327
113.826775065862
113.819045224403
113.809933641738
113.798491861599
113.787381029695
113.775031535964
113.762258012213
113.749916149012
113.736901774591
113.724729485481
113.714753034071
113.705583561807
113.695828834891
113.68459856292
113.673594297534
113.664239891948
113.656536803661
113.649096677507
113.64123220617
113.636052206302
113.63117733485
113.625313192074
113.615709714128
113.608854278992
113.606687894143
113.60210003715
113.596264337569
113.591968982285
113.582701215918
113.576200554848
113.569408720768
113.565258540713
113.566587485718
113.563335172117
113.561126982959
113.561893232114
113.560689104169
113.56025502753
113.561558998599
113.561943486486
113.560531004476
113.561424627703
113.563711298232
113.566824848391
113.567750088069
113.567950711066
113.569375799227
113.57150555202
113.572878542978
113.572211304982
113.573907750593
113.576106848579
113.573216980554
113.569446517872
113.563385654534
113.561537108076
113.560260686445
113.557545215004
113.551567318453
113.547943821909
113.545121582968
113.543856280402
113.543927123793
113.540841763609
113.538391683795
113.537442913375
113.535800792667
113.535219319209
113.534287125406
113.533744194988
113.535368324087
113.534903994522
113.536728732333
113.53609857943
113.536929445583
113.536152494265
113.529047078396
113.522431859074
113.51942455026
113.515448286831
113.516746577564
113.521433895393
113.524070714037
113.527871703591
113.531435433538
113.538851004222
113.543012176737
113.547739711358
113.554529212702
113.559189822672
113.561170436926
113.564710172828
113.570722373256
113.576354586467
113.580983727492
113.588551600325
113.597851211189
113.606844189912
113.613718798763
113.62029547623
113.626496995613
113.630285166092
113.636553482787
113.638290387903
113.645313086786
113.655740102467
113.663314371224
113.669787805139
113.676635650329
113.682169829803
113.686528329653
113.692857632857
113.700752574858
113.710373571912
113.716950459119
113.721767167343
113.728856002339
113.733807769041
113.740410878881
113.748494147213
113.756553995227
113.763455414967
113.767709440906
113.77484316384
113.782284767173
113.78814394838
113.795080409157
113.805537040621
113.815606800977
113.825176385819
113.834401809976
113.841680165044
113.847463232138
113.853103410718
113.8553267472
113.859691143094
113.861975655057
113.862443501716
113.870256425508
113.877540797326
113.884610598261
113.893168516321
113.900903948561
113.911886204453
113.923561224205
113.929972850869
113.935925849127
113.946642580857
113.955288853528
113.963733565301
113.970532508582
113.977091830251
113.985512621264
113.994271201878
114.00158901464
114.006147164845
114.012331016048
114.015937655342
114.022181123888
114.028092796718
114.031978890972
114.032924164006
114.033545007589
114.034809136146
114.035808274322
114.036208233015
114.036029423876
114.035946123256
114.036219525864
114.035852740635
114.034234878616
114.036989720991
114.037922437304
114.040673264088
114.047208619838
114.051637974149
114.054779729196
114.061942344909
114.068944496403
114.07697680837
114.086953677624
114.092091629965
114.095736941576
114.101454351651
114.107361104801
114.108959537988
114.109805901253
114.111863184302
114.115381810741
114.119538330718
114.12243266936
114.125222889983
114.130736806299
114.134598027903
114.138415693434
114.144458381257
114.150097496058
114.156898929514
114.162964513578
114.165174064373
114.16929601791
114.173641924418
114.175638491292
114.174621671531
114.173488810052
114.174335218726
114.172203264036
114.174228202521
114.171383593695
114.16862226673
114.16758261356
114.163101452953
114.157920883576
114.154977873008
114.152557247083
114.147474528834
114.144461210498
114.143403173119
114.140311275356
114.136282351837
114.132291412738
114.129772991193
114.129517525095
114.12661485474
114.129241136377
114.131039508632
114.127933188898
114.128023485173
114.131265974778
114.13227872638
114.136798821866
114.143399147548
114.153695032845
114.158629348473
114.161878395445
114.16933239111
114.176772114894
114.181795844741
114.184523908652
114.189544219047
114.193920432808
114.196281750827
114.198371877964
114.200510997106
114.204130219305
114.204708591791
114.204662782339
114.20256167849
114.200359648421
114.196344777154
114.189724017422
114.179233024981
114.172564525638
114.165471615275
114.153832244413
114.147845803325
114.141841744683
114.132162364693
114.120595468701
114.112289646243
114.102302480214
114.094768015109
114.09131719635
114.083956080433
114.07928529771
114.074830154714
114.071415835942
114.069678254581
114.063066721249
114.057431864145
114.052863827245
114.048061590202
114.043590334016
114.040082112512
114.03795446252
114.034842063761
114.030738349841
114.025962318409
114.022763404102
114.016302005919
114.012803502966
114.009224525284
114.005453012712
114.002918982351
114.001363874794
113.995334983597
113.988782815335
113.983528217768
113.977056476703
113.971718942189
113.967610955581
113.961763295704
113.956835364906
113.954208163167
113.950540761943
113.945535728292
113.942376432003
113.940673035005
113.938744735172
113.936883316224
113.938473123673
113.937222818921
113.935783560684
113.938503337992
113.942484487952
113.947835999841
113.951206229339
113.952986401855
113.953877805552
113.956489728029
113.957582493904
113.960325002853
113.963886852206
113.969411893023
113.97154407935
113.974662969342
113.976625550946
113.97933316202
113.983475113416
113.979066332973
113.973549381735
113.970525047093
113.971654070325
113.970771633425
113.967482166113
113.959252085267
113.947623231115
113.937644706996
113.928364413975
113.920319557038
113.91221366421
113.903912071205
113.898008606418
113.894634774349
113.891113711341
113.885132515606
113.8824163079
113.880994910722
113.878842305263
113.87476019767
113.872309147126
113.868983712814
113.860369219628
113.854400741014
113.847954226722
113.841211528767
113.837127131963
113.83466668621
113.83312936823
113.830978293162
113.830364928772
113.83095993465
113.827892860069
113.821915506499
113.814337950252
113.806498310047
113.803076331814
113.801794552782
113.796628314648
113.788857598066
113.782168489096
113.773767750298
113.764141019926
113.756267209229
113.750914762226
113.745960648053
113.743336018355
113.741843184248
113.740318671116
113.735974277157
113.738252076582
113.739915109022
113.738285316463
113.741360293708
113.743191894617
113.74563315867
113.740384934972
113.738589412996
113.743758699343
113.742318933103
113.742009623266
113.740518180445
113.7401303757
113.74158195371
113.745904010514
113.744733069347
113.746122983968
113.753608148243
113.75793511146
113.763376562793
113.767631299299
113.766629828969
113.767797925083
113.770385991334
113.770630368177
113.767903135603
113.766513328199
113.765105776098
113.75833698394
113.751195684627
113.744763406794
113.741949412238
113.739827067042
113.735694086182
113.733075100411
113.735782918233
113.738097522209
113.739554586996
113.741248910906
113.744144169735
113.747169753785
113.751024574731
113.752064663663
113.753087053462
113.756300449833
113.756988573426
113.758555471876
113.763997701346
113.769071064973
113.77336121201
113.777958858811
113.780382879109
113.780020923607
113.781219371638
113.781726905403
113.782617538312
113.782494797529
113.779830595645
113.778612881893
113.778768378583
113.772867201423
113.766545363181
113.76195627617
113.756291366607
113.752402093808
113.7528621269
113.753927545107
113.755056322326
113.755450492631
113.758203029643
113.760516102784
113.762482878731
113.764729712342
113.765467390266
113.768051210853
113.770456691066
113.775941001643
113.780305121384
113.780577358658
113.780533752436
113.778785290651
113.779621255845
113.783733930493
113.785296095405
113.791033910769
113.794492804823
113.795923746565
113.798668223589
113.800553819138
113.79980188479
113.795040757487
113.795317933071
113.797143480631
113.797152416541
113.798537586847
113.804991536975
113.809781919437
113.815565086125
113.826770521217
113.836017684699
113.842059848306
113.849084988407
113.855961129046
113.862636700666
113.87077042325
113.877809711144
113.883752776876
113.888472671446
113.894267166757
113.902766650843
113.911700252718
113.921409284509
113.931396462622
113.941185738809
113.951946984079
113.962553220972
113.975424241233
113.986001444299
113.994220039175
114.004919617755
114.01293260339
114.021651458345
114.026010307351
114.032779817656
114.044417718511
