# Fix print output for fix writeZ1
123.098144999998
123.096912494815
123.096494170297
123.092602034702
123.086523949348
123.080696740679
123.072372823251
123.060540187364
123.046730464143
123.036474745078
123.021450525349
123.002767141996
122.984120892957
122.964249942234
122.942351836889
122.919141315842
122.894004847201
122.870611073725
122.847758764306
122.819396687219
122.789555250737
122.756633130673
122.723250483799
122.690944912202
122.655771864959
122.616315767481
122.572307740855
122.533402839362
122.496413785759
122.457171316813
122.41668157317
122.372458678029
122.327380825818
122.281307791711
122.230045384111
122.180688622981
122.127134784686
122.074155180384
122.022185042164
121.972590305699
121.920327828243
121.865994891344
121.810478827141
121.756914245706
121.697091925289
121.636880697894
121.576765679319
121.513198122781
121.452325630868
121.387843422182
121.320815354564
121.253279375238
121.18819345205
121.120499780918
121.054281119735
120.982728203187
120.904125795792
120.829652564819
120.75219577172
120.67432339818
120.600211008367
120.523361925486
120.446103063868
120.367907188809
120.292787960415
120.210311837805
120.124754135891
120.045444413392
119.960504677743
119.870286458635
119.779028338235
119.689822361094
119.601812040641
119.514839601306
119.424795506577
119.330996596248
119.235298136751
119.14087754184
119.050742401028
118.956277846251
118.863285229081
118.769347037618
118.671572906136
118.569690356612
118.470809480484
118.371869001912
118.274735992782
118.176856712274
118.077494953035
117.975530182078
117.877211460055
117.777277992223
117.675959868548
117.579040933566
117.481874678414
117.382781842649
117.281394021562
117.179957765706
117.08210221951
116.979445533139
116.875551569714
116.773312801961
116.671635429318
116.567920020236
116.463789097655
116.359953371041
116.253580149571
116.147803207503
116.043283014776
115.938248135352
115.832954643721
115.72772921979
115.624343271189
115.518678771502
115.41685974554
115.315661494559
115.216453967521
115.117000636901
115.015441949211
114.913702431362
114.816055118395
114.718690979864
114.615155723622
114.511265736946
114.410196090926
114.310595247941
114.207802052813
114.104366491937
114.007943044244
113.908136371767
113.808445524028
113.711665729459
113.611873649422
113.513305574471
113.417922065088
113.32310969916
113.231433783062
113.138820532787
113.044923928858
112.955230359472
112.864911500595
112.772888128407
112.683824450433
112.596319221948
112.514631057908
112.437094326994
112.359924658314
112.28608597242
112.208634554771
112.133424837
112.062022042204
111.9939884246
111.926930840874
111.858919767641
111.792480445381
111.727988354563
111.662451920537
111.60256121198
111.542533780605
111.485279432946
111.429731891762
111.372601894599
111.320467635218
111.270704276997
111.219167928148
111.167426685351
111.117511906242
111.073110754634
111.027260790302
110.982781168318
110.936855960238
110.889851869171
110.844710312508
110.802345589296
110.758607236985
110.719481993905
110.685865020324
110.653177966299
110.618091594117
110.588161148843
110.560845366857
110.533710121927
110.508194354251
110.48403083471
110.466566981536
110.447980277585
110.425751634619
110.405930039297
110.387857434163
110.371151925355
110.35526834321
110.338287191612
110.328087271545
110.316590165736
110.302073083026
110.293819498399
110.282949943878
110.276209606967
110.270367916433
110.266471446271
110.265553976235
110.265762458569
110.265872576749
110.266528060502
110.26459820748
110.264122694215
110.26948185951
110.27421205558
110.282801408591
110.294056941746
110.307679134822
110.325422662041
110.338567424102
110.355990225339
110.3732897626
110.393658605397
110.41385908887
110.432375183241
110.456756728921
110.483099481962
110.510237802363
110.534390607033
110.558559337753
110.586150824684
110.611961247598
110.643411842851
110.676759786264
110.705034216604
110.733662301551
110.769285372612
110.802944296147
110.835772954272
110.872422695501
110.907903199253
110.941435452982
110.975662563076
111.009248934626
111.045367995833
111.07917489888
111.114451748686
111.148709354376
111.181318020154
111.216860674761
111.256690396683
111.295642018847
111.336551866783
111.376558604247
111.414873997774
111.455046137796
111.494472843165
111.534614369688
111.573867626601
111.611341532605
111.649994325119
111.691357689168
111.732858115023
111.775839841523
111.818156753991
111.858772904122
111.899992114637
111.941441754894
111.978299526856
112.016886804646
112.059843047859
112.101212805106
112.142717362792
112.184062510578
112.224140195901
112.261078937642
112.296848443834
112.334750320902
112.370125963162
112.406063926503
112.444666378841
112.481529227271
112.522690251528
112.565863373524
112.602836566975
112.639094203885
112.678904777247
112.714834094574
112.755703855919
112.798265323815
112.837937643375
112.877364910495
112.913740181734
112.951108764111
112.991749163534
113.029437034572
113.066499320985
113.110514469381
113.15452065935
113.196813346408
113.238577511833
113.27870313816
113.311273849064
113.340409829722
113.369725425473
113.395262246729
113.419318142714
113.445124417986
113.468555118754
113.495920625181
113.52077724404
113.54594065708
113.569474741038
113.594140774028
113.614887457773
113.632361350281
113.651373968255
113.669308224758
113.68404108064
113.69960471332
113.719736439017
113.74163925657
113.762510460454
113.780929351829
113.799583379294
113.817749056023
113.832782549207
113.84379556749
113.858480384575
113.871580984575
113.885563140466
113.896505569848
113.907671159039
113.91967235894
113.929703917691
113.938572348414
113.94557986003
113.953753438129
113.962398308362
113.969593427207
113.980162963723
113.991642285018
114.000452928901
114.00770676469
114.012129534262
114.016829388857
114.022982232156
114.030366950929
114.041488422599
114.049197875193
114.055052015343
114.063319882517
114.064979113424
114.064407793247
114.064971250254
114.065944700229
114.064728258451
114.063669640301
114.061264599005
114.059351144707
114.054549892049
114.04888080337
114.0426334887
114.032459844158
114.024761220656
114.015321089863
114.006022570206
113.994564592649
113.983796553277
113.973484875462
113.961611311709
113.952074348357
113.942841393592
113.929662777781
113.915032443518
113.897094857416
113.87765247466
113.85409625832
113.828606004316
113.803797111777
113.774419206497
113.745321572221
113.713799544779
113.681334163742
113.649277942076
113.620170149758
113.590808290269
113.556715908796
113.524194596312
113.493681157415
113.461587536752
113.429784062939
113.398588051046
113.363532735735
113.333878106484
113.299389825842
113.259569075909
113.226420110523
113.194445797044
113.159730152883
113.12433076103
113.090336036389
113.055785309731
113.022533102551
112.989534522182
112.950552524936
112.908303582667
112.868014751893
112.828293426242
112.786456016964
112.744345281052
112.703086269467
112.65966187552
112.616385878432
112.574562036618
112.534810114914
112.493607276687
112.450300943226
112.408109469135
112.365151989825
112.326160968838
112.289743473061
112.247749342762
112.208012406868
112.17009914296
112.132186439984
112.092975121504
112.059138272628
112.026823126195
111.992601098194
111.956617840229
111.919642883903
111.885306047456
111.851149872479
111.815581743451
111.779972955928
111.746157802936
111.71319428544
111.681174527633
111.651043175799
111.622947051465
111.594458953634
111.56705497157
111.538572933141
111.51336986665
111.490771843986
111.464385589652
111.439434744217
111.416827439435
111.388736219538
111.361768891881
111.337128667364
111.312833856129
111.289375769888
111.267298081738
111.244544012112
111.223180315227
111.205784958573
111.182464960461
111.157764665147
111.135191760916
111.108657169163
111.080436429733
111.055541400345
111.031561362476
111.004465385659
110.980002332911
110.955285850419
110.925823831856
110.89845595777
110.873817231046
110.84339865633
110.814811811762
110.790241928474
110.76425803725
110.739366790657
110.712893041661
110.691496723363
110.671127542564
110.648255129584
110.631787208742
110.614822879167
110.597321596204
110.581184848267
110.563084552606
110.544531478671
110.525585766418
110.510204037183
110.495037426447
110.482708438062
110.471749473518
110.459669209013
110.451130662474
110.44350359934
110.433933034558
110.426419930205
110.419264791289
110.412520074713
110.404911901045
110.399385592394
110.3943805815
110.391356309172
110.389670467984
110.386429093921
110.384155316024
110.381784977945
110.380247970612
110.383017223561
110.380595097714
110.378528255512
110.382326668194
110.383533727992
110.384992784063
110.385980829842
110.386520445227
110.386490074422
110.387768575648
110.39316183895
110.398914811561
110.402439349895
110.409104591803
110.421206889173
110.432668849229
110.446311495997
110.463090016625
110.478364367788
110.493856061472
110.50930179816
110.524276608129
110.542724134245
110.561717674661
110.577870856698
110.593613760077
110.607943860096
110.621815279084
110.641368840884
110.658742522239
110.677835285783
110.696313868824
110.715462136863
110.735780155255
110.753252755744
110.76879189238
110.783039384202
110.79659882392
110.807242580899
110.821652280619
110.833842390338
110.847970893225
110.861860438843
110.876015186636
110.89092883983
110.906341078097
110.921406112802
110.937718300796
110.95562654539
110.972831633749
110.988265503256
111.004415103095
111.019333088693
111.034911705902
111.053056303725
111.070352368824
111.089868056653
111.108460991415
111.130231595762
111.153207660856
111.173056651206
111.197564011428
111.221528731605
111.24711804026
111.273868369893
111.303554795091
111.324944313423
111.346328234422
111.370354493871
111.391466379799
111.411740193698
111.429493285524
111.449650132844
111.471068843631
111.488548187109
111.507131827219
111.524746674426
111.540363478723
111.560571029889
111.579674782887
111.599923444919
111.619162934228
111.634886973417
111.649195011127
111.662322675013
111.678360129673
111.695535751725
111.712538086209
111.731170290089
111.751903360356
111.769632823357
111.7865575185
111.806019439905
111.826472138739
111.847126552184
111.865132613457
111.884040247871
111.903432520786
111.921952819527
111.942258535982
111.958634156829
111.97260654398
111.98708356739
111.999114749313
112.009746875764
112.02476452731
112.035371378959
112.043383462561
112.053709334893
112.063232730203
112.070725190239
112.080634834385
112.087355267487
112.093748147076
112.101428681197
112.105953313832
112.110616595094
112.113581460899
112.116208051778
112.119913063029
112.11927366862
112.117232064375
112.115587695391
112.113049030621
112.110542343733
112.112310073409
112.112486540712
112.11302121479
112.112147443836
112.111038525327
112.109193627124
112.111230716426
112.113673070459
112.111960335024
112.114022255733
112.113246301883
112.110484060684
112.112677050718
112.113537614058
112.116612532075
112.122496727012
112.127353077822
112.132624732135
112.137513008544
112.140160163729
112.142733493862
112.143541301771
112.144361903288
112.141978693413
112.140706683623
112.138661467456
112.131149734558
112.129186884942
112.124844275892
112.115744926675
112.108146351663
112.099909571035
112.091987368815
112.083260661246
112.075478156505
112.068577759166
112.058787619482
112.046915086474
112.032525564011
112.026715212915
112.020839147172
112.012511933226
112.004184753392
111.992151648296
111.977442424153
111.961741363313
111.943120902783
111.926815742345
111.914340222053
111.902598292998
111.890179663067
111.875358878427
111.865644570576
111.858260075071
111.853235294794
111.851634688955
111.846787576768
111.839764989812
111.833043119597
111.826041271446
111.820600108188
111.812216294394
111.806046239079
111.795685308484
111.781066943635
111.768114334624
111.757255496197
111.746970495798
111.739313296318
111.725867423711
111.710282758072
111.696574040379
111.678630865481
111.661626288807
111.641386985182
111.624243247996
111.60917578702
111.594630756293
111.576501625285
111.555960711647
111.536956864506
111.515261346456
111.498809074062
111.480545833916
111.462024060143
111.440109499994
111.420681048369
111.4027184428
111.38194320036
111.362146607478
111.342295872178
111.322803144623
111.302357382275
111.281475962762
111.261424963508
111.239644192767
111.220068530113
111.202967121473
111.185409932615
111.168797023558
111.152675582735
111.135692885065
111.124367687195
111.110739617624
111.095000860926
111.07982170091
111.067818341617
111.060243030078
111.05143088587
111.039532163091
111.026626892573
111.015905651293
111.00494841916
110.994196105759
110.98586190299
110.97389559823
110.963593944718
110.9526720674
110.94423191022
110.940090441445
110.933149046099
110.928301717701
110.925157061034
110.920391752055
110.914386763499
110.906509522229
110.897082435284
110.887262049106
110.880986240153
110.877623500036
110.869842769886
110.862426773525
110.855984975606
110.853788767532
110.849951949711
110.847707257979
110.847106695992
110.841779311716
110.836614308931
110.831148619494
110.824502194622
110.819331074329
110.811906010998
110.807840137798
110.803058384264
110.798304086781
110.792134692842
110.786588653406
110.781612204846
110.774522021355
110.767923520015
110.759535979219
110.746333074511
110.736733675335
110.728351341789
110.717422903374
110.706638661918
110.692480428484
110.680014201657
110.668861592455
110.658189112372
110.651245053998
110.646220863823
110.641843288377
110.64017288311
110.637497462112
110.63340448241
110.633859764637
110.634028957805
110.634299915542
110.635981878011
110.63767122395
110.640610220512
110.643477218085
110.643559025602
110.646418031845
110.652583595668
110.658511247471
110.662587327146
110.667646113358
110.676676599227
110.684796881203
110.692594014802
110.703078012566
110.712796886924
110.727372328613
110.73948798748
110.750692633288
110.765340272361
110.7810908997
110.796462596216
110.812657349112
110.827515450835
110.841236377996
110.856399829893
110.870478383156
110.884173633949
110.898458019806
110.913456099206
110.930422294654
110.946538744468
110.965553450901
110.98789400227
111.004385255601
111.021177314925
111.04118564266
111.057991467561
111.073599762916
111.092493891702
111.106473870582
111.120214004184
111.135204397927
111.148453221176
111.165369466555
111.180121560249
111.192677911101
111.208950402782
111.22452062053
111.237731693624
111.252766029303
111.271406918135
111.283611190337
111.295589974065
111.307073138381
111.316119422876
111.331204464427
111.346367824521
111.358847124979
111.370878485625
111.38023860402
111.392807168888
111.406520746976
111.417634717865
111.42765166419
111.437886078621
111.445680989666
111.451390449583
111.459096958223
111.464062533807
111.467814050064
111.47307577063
111.477150833213
111.479128890487
111.479607780707
111.48040085648
111.482076637515
111.487883818835
111.493338926271
111.501927391541
111.510050408235
111.515301751181
111.525267865542
111.536693964617
111.550151378427
111.563210443202
111.580081935015
111.594685285042
111.609496848262
111.624138549245
111.638159004654
111.648775692891
111.657283197865
111.667141946314
111.674037941481
111.680511483051
111.689438730043
111.697156867494
111.701944291622
111.70737890164
111.709885732384
111.7118167915
111.718376875852
111.721956232325
111.723665344758
111.72633200264
111.727657757895
111.729572276266
111.73176284545
111.734706466079
111.740881770651
111.746342135948
111.749797668838
111.754106629746
111.753991209147
111.753177563174
111.754304038642
111.754049296284
111.75372968134
111.756064606082
111.757777357157
111.755335815825
111.755312688672
111.756212819849
111.753565887211
111.750098383183
111.748596336414
111.744274126332
111.739443650178
111.73640516494
111.733639850906
111.730827859233
111.72989790134
111.725692189362
111.719648946766
111.715629282249
111.706103400155
111.697398724896
111.690326271776
111.680290778513
111.667674764504
111.65406879712
111.641099110651
111.629863718081
111.614498533113
111.601977584497
111.588800000704
111.576065221165
111.562051954987
111.5467885884
111.530955856735
111.51712562756
111.501473650974
111.485050423813
111.469344043594
111.454480097134
111.440024688247
111.423921769981
111.409396108402
111.398757275
111.386766493432
111.376190887538
111.366525128741
111.358524689944
111.352885792761
111.34665480041
111.338365217719
111.331048450745
111.320242510293
111.312054756637
111.303969344512
111.294696364317
111.286417463569
111.276964134876
111.266195733938
111.256441571719
111.24826216238
111.237884371591
111.227591529634
111.215869912689
111.206617887
111.196127669728
111.187483309725
111.178944901327
111.167953956784
111.160423987855
111.15233633909
111.143131185188
111.133041747094
111.121829563829
111.110537860804
111.099478867304
111.090501307056
111.080762110524
111.071742190534
111.061953015577
111.050444859175
111.040086848916
111.032981960327
111.022361659838
111.018043019249
111.012880540575
111.004991185607
111.001235753203
110.995407884921
110.988267652753
110.982696114266
110.973703665504
110.962258477926
110.952757860737
110.946227749168
110.93511392277
110.926755985825
110.922097518847
110.914304161258
110.906616416651
110.901493577224
110.890465008115
110.883022042131
110.87623338233
110.871212213356
110.864150699966
110.854654052751
110.848558081123
110.839310837263
110.833811695559
110.826156472086
110.818640591061
110.813184968715
110.806735818797
110.800502244762
110.790593660713
110.785189967916
110.77848487836
110.771311171791
110.766865038714
110.757685820656
110.748109889862
110.741676624185
110.735700559151
110.731653629817
110.728983014894
110.723627930769
110.719421092089
110.715538798788
110.710647259846
110.706128581357
110.70448728576
110.70407726802
110.705210396919
110.705004623542
110.70153672802
110.699438383524
110.698515616904
110.695528650913
110.696139109241
110.693888819751
110.695125288734
110.697903174194
110.699169484497
110.704131714656
110.713008376617
110.719303700626
110.724676870741
110.732808079667
110.736671635414
110.739312440627
110.739718028727
110.738797422557
110.741218692423
110.740696229017
110.738799664268
110.741909569322
110.746550826293
110.749722820004
110.759261832382
110.762194268155
110.761341321631
110.763355337792
110.765561216124
110.767587578299
110.773746126077
110.777689680507
110.783224057463
110.78870395134
110.791643482955
110.792958219622
110.797536324825
110.800299634415
110.806297787926
110.813213474213
110.817903124858
110.820090591093
110.820993595842
110.822880448606
110.823171128803
110.8244731466
110.826066522411
110.829493837834
110.826724443218
110.823002412184
110.819878972196
110.815043690064
110.808133043151
110.802690425096
110.796570352257
110.793349130048
110.794522988564
110.792612966665
110.791788160297
110.791114075125
110.788597687269
110.782687827129
110.780291597589
110.778659663889
110.775667578459
110.771524531149
110.769015858246
110.768113046554
110.77055823321
110.773621117416
110.775923256233
110.775430534395
110.776366316849
110.778030595449
110.782659044839
110.790434906338
110.795844284819
110.800847357574
110.807595331638
110.813605112207
110.819743996274
110.827053401037
110.832176163289
110.837824054236
110.8438686298
110.847708145304
110.855378703604
110.863161794153
110.86999792583
110.876177715796
110.883075336482
110.889471410954
110.893292248597
110.899522420563
110.907837849566
110.916645438656
110.925018328246
110.930700913204
110.935997353933
110.935925755097
110.935660532495
110.939834228144
110.944619417273
110.948656120853
110.953405168729
110.955325892937
110.959778313577
110.963673451592
110.966410000093
110.974342100756
110.979340417333
110.982490460363
110.988256593763
110.991893412903
110.99616423098
110.999335271185
111.002117148136
111.004863322192
111.009124696072
111.009635965244
111.009206972533
111.010525164914
111.00914995602
111.005201777065
111.002246120649
110.995943508749
110.995352052366
110.993582148683
110.992073218851
110.991098575044
110.990655017224
110.991372732815
110.995705429842
110.998007418082
110.996716992876
110.99676841348
110.995141765328
110.99109613037
110.985797456437
110.984344583688
110.983729754231
110.980908150332
110.978068086464
110.976233109605
110.97784269559
110.979761121995
110.980360082049
110.982827570936
110.983923221933
110.983785888976
110.983484376904
110.985173912454
110.986021028917
110.987093099805
110.989194137017
110.988431028124
110.989026204157
110.98935055581
110.989095897592
110.985813118655
110.982471452112
110.985573999221
110.990645715678
110.992034218962
110.992906993662
110.999953177575
111.002958861226
111.004949014716
111.007494770568
111.010296091573
111.009185554717
111.008526641711
111.010920383966
111.013348597142
111.01002239719
111.004231055884
111.000008276893
110.995509930391
110.990628994377
110.984734714526
110.97854193346
110.974874846103
110.966920073231
110.954683973073
110.946867913066
110.938858873705
110.934634122778
110.92949248644
110.922172300023
110.916542580887
110.912238640081
110.905518720259
110.899516784961
110.892098302204
110.885414487721
110.876924303573
110.877298630577
110.876062520145
110.872521348497
110.869596706204
110.863077084185
110.859133784758
110.855098779837
110.84631826974
110.836947547625
110.825575295727
110.81177387302
110.796081174578
110.778302013794
110.763750787426
110.749120836351
110.736294533142
110.72701057655
110.720070140361
110.70991706644
110.701431082735
110.689956777349
110.67976389634
110.672485799177
110.664900508999
110.659703778589
110.655626600123
110.646669540148
110.64297996032
110.638560935786
110.631960889607
110.625592959824
110.621386604222
110.617208552705
110.611924435302
110.609751886153
110.611900410029
110.609631319281
110.608413939423
110.612170335891
110.615300212829
110.620131506109
110.62376716526
110.625279669757
110.629039349613
110.632187763243
110.631443785747
110.634145452598
110.634318664658
110.632918323368
110.633781117938
110.631502770861
110.625146376689
110.619365531084
110.612796452424
110.604883423956
110.602709811804
110.599937099199
110.594803963781
110.592172789267
110.585458356452
110.580160373042
110.573167541573
110.563457269911
110.553196399346
110.541280313388
110.526606080906
110.514228557247
110.504158695983
110.492685850353
110.480602362558
110.472280925948
110.464076793301
110.456921274478
110.449834167713
110.444869619729
110.438406585544
110.433314376667
110.433023962127
110.431212598072
110.430079870474
110.429773810218
110.428843753942
110.426931098014
110.431341304765
110.429488260351
110.428068364032
110.424925995588
110.416957420478
110.415126996593
110.411719611512
110.407951809749
110.405482620009
110.402252991921
110.399806129382
110.39461455707
110.387551615028
110.383985131238
110.378076919776
110.374146309025
110.3703361363
110.366888755032
110.368284995374
110.367625779027
110.362540671596
110.366068189971
110.366841200578
110.366593120203
110.369636496891
110.36943741308
110.368756370225
110.370456499393
110.373966382825
110.376776721982
110.380113700354
110.385725936305
110.393322534941
110.39684657343
110.401753193981
110.406913596712
110.410888655641
110.41552609339
110.422569061405
110.426037249822
110.431925006646
110.436644942994
110.437995463631
110.438916499013
110.442101718282
110.444592509024
110.444262278187
110.443342255023
110.441652732671
110.435672708431
110.431877075855
110.432942542533
110.431206178069
110.432529129396
110.43180595493
110.428298963086
110.423117936528
110.420399787832
110.417188241885
110.416509982267
110.414437933161
110.409016102496
110.406098985984
110.401688551703
110.392947851186
110.387549259036
110.383110541526
110.380668104322
110.377431321573
110.372035337894
110.368185180081
110.360966819025
110.356401243825
110.350953252039
110.345434813126
110.340645575116
110.33641481593
110.329572651751
110.325928192087
110.326056218304
110.325964649463
110.328766208211
110.327835223014
110.331844623955
110.335781909772
110.34166965628
110.353733430097
110.360653110246
110.367339086533
110.374348702912
110.376059842331
110.378373854855
110.379273128899
110.382194267391
110.384733786895
110.384832344777
110.384789677606
110.386026480239
110.388326912492
110.390490611635
110.392083050619
110.391462402319
110.390697609355
110.392242665105
110.393940769395
110.397402164834
110.399486789394
110.404790163975
110.408222316822
110.411609534082
110.41622916881
110.420267610524
110.425885216866
110.428724788765
110.433074988012
110.441153604905
110.448647324991
110.455789348915
110.464019516137
110.472398184291
110.477141810124
110.48439220274
110.492717038547
110.498817450853
110.505427427601
110.509837963885
110.516930165426
110.521619268978
110.525419787586
110.52974918148
110.5344021019
110.536157739462
110.535527050612
110.536609278879
110.534858938694
110.531148933029
110.529899976768
110.527855931068
110.524689972997
110.524060873779
110.522722415005
110.521064804063
110.517248716688
110.509645162751
110.499423509225
110.492084607529
110.486006703033
110.478236054102
110.472050881399
110.46881719095
110.463770033018
110.46084173739
110.460480363388
110.461604313632
110.463682767292
110.465038214465
110.466690612964
110.468626995055
110.473987343509
110.482815755301
110.494343106799
110.503810401907
110.510757825569
110.519718032708
110.527546920042
110.536996609281
110.549493895632
110.564389648117
110.578571297166
110.589006635632
110.598368808286
110.610074095864
110.61807396964
110.629156025156
110.636511037912
110.643311124009
110.649915190926
110.654870625697
110.661052611431
110.664676422363
110.670325476319
110.677238322016
110.683535243016
110.689277516509
110.695299049118
110.698433007363
110.699946739301
110.70402399421
110.705543767341
110.705676033645
110.708872461451
110.712959205307
110.715311233344
110.720250822709
110.727061493757
110.731519592651
110.738081574319
110.743182822689
110.748502767638
110.755172405487
110.758208062193
110.760430729136
110.763200639439
110.763139422589
110.766504313293
110.771465713467
110.777485835986
110.782036218181
110.784495470396
110.790038694184
110.790024527362
110.792081520573
110.791525744545
110.788344914223
110.787982415717
110.786343185628
110.779441645699
110.770596185665
110.76274859294
110.759610026035
110.753527138533
110.747353176723
110.73953813932
110.732646172019
110.727569849622
110.716199607401
110.706491568623
110.702560676734
110.698393765205
110.6936980593
110.690823412659
110.69222294756
110.693796835725
110.697746790725
110.703207030945
110.707104360356
110.708236675384
110.707870171286
110.711389461246
110.712223074479
110.714632219362
110.715199706202
110.719364480219
110.728399534755
110.733025661365
110.73851326632
110.745526760214
110.74705639335
110.750810118654
110.756976413319
110.764533867518
110.769824689974
110.776131926406
110.780988165473
110.784568837301
110.79143245281
110.796729952696
110.799357333112
110.80127508755
110.802027208821
110.800453930645
110.797921815815
110.79723824115
110.796525334094
110.794744356
110.795360639345
110.795983291657
110.794488388799
110.793401190524
110.79308747978
110.793248478455
110.790568756153
110.789388893912
110.787115869743
110.782442836696
110.777567268814
110.772796113066
110.77467788188
110.773497928093
110.771711950217
110.771172503496
110.76760473869
110.763268260965
110.760137938157
110.757166122355
110.750880701999
110.746309864544
110.738307176258
110.728769772664
110.715966233611
110.70777939572
110.699739205883
110.689481089309
110.68071497322
110.670505042567
110.662716040029
110.654488145449
110.643981490701
110.634593873188
110.624146001415
110.612493246302
110.601641769031
110.590492246932
110.580969754994
110.569966987952
110.558936815853
110.555714359909
110.549252369358
110.544201349615
110.539010356485
110.529336627887
110.522870700088
110.51960161772
110.51280405318
110.507718686164
110.503580051205
110.49600382153
110.486054512007
110.481554350683
110.479074877538
110.474321463935
110.473311897607
110.471434102628
110.469721231492
110.467579661081
110.465599041827
110.458772366554
110.452974265432
110.44856677778
110.445500742172
110.443325839506
110.439897060317
110.435933650787
110.429851925558
110.424463536566
110.42496886821
110.425555031768
110.426994734297
110.430031240751
110.429615319342
110.428294782578
110.426195738319
110.423098560888
110.418559681246
110.415195059494
110.411078124483
110.406231429602
110.408410114115
110.413990015242
110.41489822125
110.416135400612
110.417553588944
110.415930383467
110.410074664257
110.406898289847
110.403963445666
110.398087288106
110.390662404124
110.386565481684
110.379023739784
110.374399274167
110.370239692048
110.368119442833
110.365062009342
110.359515105287
110.350888817219
110.348565909903
110.348400526588
110.34258542109
110.339215525669
110.336253270183
110.333914517776
110.332255723003
110.330547752409
110.327970715493
110.322295818832
110.316333094274
110.312574704555
110.306723728182
110.303859793599
110.303886389034
110.300680044139
110.299472380262
110.298991686541
110.29441425603
110.29081586059
110.285198014921
110.284711604511
110.281148604684
110.274949849445
110.272283565647
110.264801314462
110.257200317348
110.253804167366
110.251052926384
110.246131773542
110.246202063535
110.246493775559
110.246091219698
110.24906178693
110.245798674264
110.243716986643
110.248380059016
110.252619122412
110.254560247861
110.258535878948
110.263517223152
110.268984900174
110.2770927843
110.286282630639
110.291791299204
110.29938860517
110.309579942191
110.31622313277
110.323126875722
110.326190965847
110.326688173791
110.329234375005
110.32930065179
110.32779558412
110.325117056975
110.325733023271
110.325944067298
110.324432578621
110.325936140338
110.324971589396
110.322989436874
110.319233560258
110.317176438687
110.319441905909
110.320435798993
110.321934948681
110.316549258123
110.314516079824
110.310343208757
110.308249597955
110.305691991076
110.300776429645
110.299131853232
110.298627675517
110.299988558498
110.302535391243
110.306686391229
110.310337740979
110.31240276953
110.315034085594
110.314454436692
110.317122086978
110.319990863141
110.323835394421
110.327747365293
110.330295981246
110.330386942163
110.329322427485
110.328571929428
110.32516540404
110.323858025719
110.318670181787
110.313248037508
110.312354557392
110.308628152593
110.301614638601
110.300268755945
110.299603964612
110.295641646932
110.29515631068
110.297440568914
110.298787491168
110.299294933366
110.301591079118
110.302695073071
110.302761054764
110.302095667285
110.29645094348
110.293347669524
110.293857739421
110.291050606928
110.288862303869
110.28549167849
110.284129654463
110.287491424364
110.286971388107
110.290597635771
110.294815491199
110.298739714309
110.302304578505
110.308546782246
110.31421055612
110.317930326392
110.323038600178
110.325003387123
110.326446314172
110.330469979715
110.333526162804
110.336152919112
110.340964832432
110.340428893584
110.341140409062
110.340184045559
110.338935458051
110.335308521222
110.331967819806
110.331866488644
110.330724522974
110.327458426196
110.325906026522
110.322616215598
110.317246494626
110.310839912281
110.305826837041
110.299709754959
110.293591431049
110.287725054762
110.28368588454
110.278185041706
110.276350251753
110.276892326144
110.275601358535
110.271746813089
110.270113047614
110.266442027094
110.258016788269
110.253352728876
110.24798956429
110.243043782461
110.243473963418
110.244525505354
110.242734875048
110.241587671362
110.243731516125
110.244255077833
110.246407063017
110.247559211255
110.25002562441
110.254884032107
110.25836957891
110.264804079181
110.270387450523
110.274557617827
110.278931715971
110.285905788599
110.2890002268
110.292073706381
110.295711136013
110.29918070247
110.305618377781
110.307769640903
110.311304471158
110.315147965832
110.320117471482
110.32547355863
110.329227706145
110.332782968111
110.338168413306
110.345062315075
110.349038182049
110.356425733823
110.364947036155
110.374686433346
110.384952171299
110.390023661995
110.394089624669
110.397349538931
110.403388958633
110.408997940177
110.409921182013
110.409344656303
110.409140388219
110.409630134033
110.408550174788
110.407232121656
110.406494721182
110.408397398403
110.412834564418
110.416230425024
110.418394596575
110.418950332276
110.420543079755
110.419614057169
110.421305807248
110.423429233445
110.421782925382
110.421198197706
110.419074353783
110.413166631961
110.409105336366
110.405295309162
110.401165157619
110.397145744097
110.394001007905
110.389790262535
110.383580538859
110.375300824953
110.366098579808
110.360377353888
110.357367548071
110.356608906848
110.357098268115
110.36106012808
110.364342126065
110.365054797518
110.36644770136
110.366206999171
110.368089810196
110.373863117034
110.382513962483
110.39234533794
110.400574235746
110.413010245412
110.425470135436
110.431450099291
110.441495647256
110.451738707189
110.46323100638
110.471895834502
110.479297186382
110.485262498025
110.491086794445
110.494080407521
110.493072324006
110.496505026796
110.497645300595
110.499423014197
110.500319431436
110.505617549935
110.509711423231
110.510796935873
110.509892918652
110.508024690293
110.505546880265
110.504043640053
110.503776029831
110.505454354341
110.508489556194
110.510145959008
110.509250622155
110.503315465683
110.500537599227
110.504492415097
110.505284822066
110.508557900504
110.508502023198
110.506704952445
110.507054401417
110.506777000449
110.505886463037
110.504039141206
110.503689731308
110.499690255596
110.495344257445
110.493863387666
110.489027689295
110.486212486062
110.48387693952
110.479746524211
110.478217256502
110.472506570254
110.466642334053
110.463592001458
110.45977738099
110.456887992757
110.455267600223
110.44928731196
110.447350390955
110.44647307591
110.439836121789
110.43538271469
110.428869099992
110.42524468372
110.421854969855
110.414981786274
110.411926143811
110.408049582713
110.403213378221
110.401927836631
110.398456356157
110.397021193946
110.399338739977
110.393790930862
110.39255249933
110.391255054949
110.3880413678
110.384504490889
110.380474700851
110.377513416998
110.380103803371
110.376889098472
110.371348368815
110.365880538633
110.359242056056
110.35437355823
110.350438840759
110.351094785652
110.350608310669
110.348878432799
110.346841370933
110.344301503796
110.344028684117
110.343075917516
110.344282851074
110.34342394632
110.339833270371
110.336624707522
110.335010559555
110.332619831934
110.329656651698
110.325766852512
110.326845525395
110.322875814725
110.320285193621
110.319500809513
110.318258781227
110.31593553476
110.315812342695
110.313897161628
110.306059530529
110.299749366503
110.293803218301
110.281311117626
110.272046959204
110.266078249652
110.260319433076
110.25233095384
110.24316714263
110.233357650005
110.223676963693
110.216318643556
110.207342183093
110.198980365981
110.192805922205
110.188389716596
110.18234560935
110.176742273695
110.172778039301
110.169329250265
110.166335556419
110.159858262051
110.151464568116
110.144577415194
110.133243340551
110.124535534194
110.119158251396
110.108718640349
110.098024199522
110.093845984525
110.088885240488
110.086781730777
110.085474058283
110.084263141721
110.081225708528
110.079784220106
110.077552152872
110.072549114939
110.066713270359
110.058670924773
110.051364414679
110.044582659814
110.035276601445
110.031681005617
110.029480370822
110.022831896241
110.019670107026
110.018230730884
110.014212158787
110.012198990369
110.010353499705
110.007623272443
110.006492916987
110.001274358815
110.000356063343
109.998904685087
109.996531943105
109.994857375776
109.993052891311
109.985920814118
109.984198627427
109.980381460763
109.971594174082
109.96848207525
109.963530227925
109.95843739827
109.955926272375
109.954379482057
109.951822143653
109.948726583331
109.944920077278
109.938286677207
109.930862187366
109.922838570842
109.915645773303
109.908953860156
109.904843669431
109.900724560937
109.899885896233
109.89895368247
109.899017128272
109.898645107775
109.900548034601
109.903617671295
109.903974169625
109.903678998213
109.902713987504
109.899447756405
109.898407637515
109.897356493027
109.898281587513
109.897858068729
109.896767388197
109.894094864471
109.894344102005
109.889666010528
109.885305658086
109.882247960942
109.876157341451
109.873398607417
109.865768082611
109.858123236174
109.851730279352
109.844690465111
109.841226180807
109.842978118361
109.842953879568
109.844877274077
109.848706733009
109.852474527923
109.854688981811
109.856048918519
109.85799732027
109.859462870661
109.862924706478
109.867224389587
109.868939910356
109.871517385756
109.871108356922
109.872123326916
109.877459574452
109.879898318755
109.886742946517
109.88715943916
109.891246801759
109.895599668829
109.901686847478
109.909431918343
109.913111528332
109.921498585188
109.934779683554
109.943181770937
109.951749702789
109.960415462433
109.966779358022
109.97404334087
109.98352052812
109.991248517934
109.99913677084
110.007318142819
110.013116753811
110.017551408674
110.020835593861
110.025398991431
110.029712938228
110.037469723317
110.040101028075
110.04423804866
110.047743926947
110.04847852781
110.051285415113
110.056374880632
110.060310530298
110.066362737468
110.071423896926
110.079214046299
110.088049480509
110.094988188175
110.101520570343
110.106317374303
110.11140598521
110.116786846154
110.121658129288
110.128592750825
110.138071783624
110.146336831594
110.156334941605
110.163168531365
110.172084863481
110.180414281325
110.188150096051
110.195276348357
110.201538049795
110.206615066636
110.209526890215
110.212728186965
110.219195956903
110.224105931925
110.226718748477
110.23144347174
110.238319135852
110.249369556916
110.26086305568
110.268897376605
110.281356227389
110.287311464821
110.294450886946
110.30386777464
110.31037593559
110.321014153527
110.329078601476
110.339124714437
110.345362884623
110.345476112622
110.351647575203
110.35950648247
110.369028827119
110.37630194757
110.384651989267
110.393403228554
110.400668145486
110.406084373304
110.411917582855
110.421550025627
110.428993254426
110.435656728962
110.442289390953
110.447312758481
110.453768924838
110.462092241054
110.471243009989
110.474502141478
110.476709137008
110.478329524087
110.476162205196
110.477385730469
110.485297578131
110.493405181022
110.498335662833
110.502936469509
110.507536615375
110.513258811973
110.519014829615
110.524328620047
110.527954908237
110.532517658157
110.536777950589
110.541218409805
110.545649897719
110.550746192879
110.556068616297
110.560779073578
110.567701850115
110.572820464587
110.579608116508
110.589288753325
110.593359300254
110.601515802158
110.604983584129
110.608559439903
110.610628084462
110.61074371241
110.615016114556
110.616129234545
110.617298749064
110.620244541307
110.61980990422
110.622833180953
110.620046778633
110.619385899065
110.618953332046
110.615293712907
110.614562936152
110.615074543017
110.61158489686
110.612224825129
110.612167373677
110.608562368578
110.606660088227
110.604677161381
110.603099178285
110.597428613507
110.590260405792
110.586138382769
110.581328298196
110.574302244237
110.569181839393
110.564833448661
110.561844574083
110.554442055626
110.543161210352
110.533713383994
110.523585567897
110.513406236531
110.500584190896
110.489769566145
110.481349839778
110.471279192755
110.458282319314
110.45028669647
110.445483822373
110.437742270804
110.431983032609
110.427200695126
110.420582823663
110.414078274849
110.409538359927
110.402418292647
110.396355712786
110.387132448736
110.379389400226
110.374460723687
110.367396175473
110.358811902764
110.351365866292
110.343622425383
110.333930358363
110.326729499443
110.320161904606
110.315113867969
110.310105415801
110.302192770542
110.29308593091
110.288995580045
110.2854092653
110.28340498618
110.286082614588
110.283746864183
110.285450362737
110.28941421602
110.293138245697
110.296239494415
110.296629474808
110.297893538098
110.296466646589
110.295574204613
110.295141159045
110.294212313845
110.293718273128
110.295638939022
110.292535947319
110.28910821556
110.285600060954
110.283520170406
110.281298629527
110.281655040241
110.280383708771
110.277687686429
110.274218453889
110.269188483354
110.266856976218
110.264858666485
110.260311129723
110.257578465608
110.253728897111
110.250648837567
110.249592134173
110.244833641382
110.237934673576
110.225572119427
110.218241084308
110.213375540034
110.204360130386
110.195301267658
110.18832863715
110.180141784884
110.172640045135
110.166792980181
110.159166325956
110.150067594611
110.145571060085
110.13972389827
110.133912420546
110.128615139165
110.124075257848
110.119926940474
110.118259691254
110.116527992065
110.115523925129
110.114742622067
110.109765560287
110.10532766556
110.101963257465
110.096801030776
110.096047565939
110.094719942138
110.090729336077
110.090829815199
110.087624848548
110.081505163787
110.075885663601
110.072913326703
110.065314621339
110.054461656423
110.047287023038
110.041904752957
110.032661064222
110.025907731165
110.021476577316
110.017518906905
110.011226177542
110.010750368727
110.012717086289
110.013671276669
110.015479624743
110.018044234917
110.021376707318
110.023564637243
110.025066977173
110.028156704966
110.030924479129
110.031717640912
110.033565658512
110.036036886431
110.03881313621
110.038265770304
110.034156106048
110.033838730672
110.034630161381
110.032760723215
110.032191129786
110.034053256239
110.032445653274
110.0305842796
110.030523734822
110.026179708478
110.021518827658
110.018468497788
110.012282168889
110.011836744874
110.01098500142
110.011983012465
110.012813615778
110.013280747381
110.015089441298
110.011941495029
110.009204805108
110.005410103402
109.997300421266
109.993701827359
109.985697732279
109.978858853772
109.975751763594
109.973790975772
109.972738913926
109.96607269554
109.962762946851
109.958848283026
109.953945927414
109.94936395882
109.948526219289
109.946768128215
109.942308888732
109.942728234194
109.941415770216
109.941999281736
109.941630236275
109.940787649404
109.94390580736
109.948808101433
109.952102619657
109.954468834913
109.956268979972
109.960275234345
109.963458675431
109.965243554348
109.966313696611
109.966171139274
109.96826579402
109.973342175842
109.977281825737
109.978605841395
109.98141772737
109.980799343494
109.977080975955
109.976038077093
109.970725442778
109.965847885061
109.961703560191
109.956393299421
109.953895976521
109.951489246093
109.948790311072
109.947823591595
109.94703214066
109.945860054023
109.943434721707
109.942987529062
109.9429623178
109.944240550734
109.951099978249
109.955881803022
109.962733515518
109.967540104125
109.974495026356
109.980848137407
109.983766669135
109.98640720093
109.988134059539
109.991181588121
109.995609841484
109.999348792072
110.000370578956
110.006140909472
110.01346723113
110.01714778123
110.024108653242
110.033069040751
110.037900307666
110.044505944843
110.051097976556
110.053337862622
110.055723760325
110.056130832393
110.05314104636
110.052495546216
110.048841628416
110.04658572308
110.044514331666
110.043198228555
110.043128582259
110.044701093949
110.047353177192
110.053640567516
110.058545867883
110.062858968946
110.068439324215
110.074301053673
110.078116874061
110.085637430615
110.09186757753
110.096284358007
110.100475829589
110.105691601385
110.116111924184
110.123472192134
110.126017093921
110.131526572774
110.135759058512
110.13908268638
110.140331427349
110.143196824475
110.147333567972
110.146171371056
110.144810875618
110.14449269296
110.145651685932
110.149636232179
110.154067501563
110.15391416291
110.153491424113
110.151157454984
110.14930152291
110.144441365769
110.142345577741
110.141953027942
110.140285264953
110.140287469497
110.136402708759
110.134629182098
110.134216142922
110.133263506429
110.135495819406
110.139208692623
110.14397438954
110.150212503591
110.154959775187
110.162598495637
110.17120269613
110.176353815331
110.184293530061
110.192626548983
110.19544115993
110.198600467342
110.202193536652
110.210433855879
110.214636109126
110.218026551522
110.2218337089
110.224391416021
110.228909114271
110.234322164043
110.240095335089
110.24605356817
110.253219369788
110.25594158926
110.258193946095
110.261927783887
110.261289656392
110.260801863876
110.260244908711
110.259226393826
110.258496554112
110.258928074774
110.258564324103
110.261064489392
110.261169553746
110.261086605033
110.265377170217
110.266571711238
110.267318967982
110.275463629444
110.283067448479
110.291674136417
110.299528737991
110.30800970368
110.314856735759
110.321262969115
110.330130807651
110.337747372944
110.343471986584
110.346210943952
110.347678755561
110.348360489865
110.349878649205
110.352037129124
110.354123961034
110.355363433802
110.353366631253
110.356218415173
110.358944777911
110.359028628345
110.358780931623
110.358520550071
110.357971363357
110.357732783811
110.355752632008
110.354379199144
110.353002950105
110.352543970898
110.353920856378
110.355140628553
110.35507111793
110.356616150971
110.355622038557
110.355509283256
110.354236985567
110.35361839
110.352371727859
110.347392349288
110.346932610027
110.340865289195
110.339440955534
110.339485015831
110.339575515925
110.339244316691
110.337901110139
110.340795306939
110.342530844083
110.341411869465
110.341903054552
110.345099781734
110.345660590156
110.346552960901
110.350280252634
110.354396664136
110.357427536565
110.359274761942
110.357301307455
110.354767702022
110.352663846741
110.348479998984
110.34252097432
110.337061168245
110.331240717453
110.325225043175
110.317057454094
110.309082371211
110.302630474461
110.295351253342
110.287770836695
110.2784151076
110.267323737846
110.255585028759
110.241259191561
110.229796053841
110.217616613506
110.208289729952
110.199117472402
110.188479087306
110.178623216853
110.167283107101
110.1538502706
110.14198697867
110.133260907557
110.121496925056
110.109085241073
110.094984670384
110.079174125827
110.069210463307
110.058072107137
110.048565606561
110.035531088792
110.025528677447
110.014336233943
110.005489836664
109.997705767929
109.988009444687
109.981610931059
109.977483837574
109.969514710361
109.962130384777
109.952225950852
109.941568009442
109.931117483835
109.923471290452
109.912535068617
109.900291159928
109.889821044525
109.880312256866
109.869388575493
109.858976199825
109.851471978666
109.844170295066
109.836018656445
109.829766082371
109.82455450465
109.817793503035
109.809171329826
109.804301288762
109.799729378774
109.796980228961
109.793502005662
109.789796541783
109.788471717553
109.785951463174
109.783162700825
109.782108435706
109.782721793035
109.784462438998
109.785767834762
109.783490981763
109.782252353873
109.781584509054
109.781851217389
109.77655810478
109.773146497317
109.773099441605
109.771661161302
109.771165914167
109.772156503321
109.775337808569
109.780733069323
109.778966927666
109.779110270703
109.78024085537
109.779888424112
109.77894057129
109.779672877472
109.782859936943
109.786763419046
109.787342931259
109.787923782485
109.786134052074
109.785103960619
109.783704201139
109.782662489248
109.78168632854
109.779251185217
109.773211865223
109.767802349945
109.766470428965
109.765501189087
109.765537029629
109.765435469009
109.764684497702
109.765728223806
109.764280840307
109.764900377157
109.764613748034
109.768298980468
109.771655603573
109.776685261958
109.783138252731
109.791737672191
109.799832356408
109.807256851589
109.813005568867
109.824584418711
109.83898378729
109.852165448419
109.866267306755
109.880754578378
109.894143546841
109.908941290806
109.923495972124
109.932935485278
109.945889957264
109.958915931443
109.967679271347
109.980070150226
109.990484485603
109.999942819634
110.012675083584
110.021558089744
110.030854263033
110.040916726263
110.044927512464
110.051848149394
110.05779474186
110.061060406242
110.063988715192
110.066911063891
110.069774031502
110.076203593808
110.084617406994
110.09051861514
110.097790975726
110.106149122492
110.11171515565
110.120256866323
110.126576498673
110.132062957278
110.13874313411
110.146751376279
110.154624377566
110.159623669738
110.16713797593
110.173948455782
110.181181873555
110.192672060734
110.202369733107
110.210045480179
110.2169965085
110.224644702602
110.232378033492
110.242049649373
110.250939296364
110.259213384492
110.264832787678
110.270051964464
110.277900789786
110.286036479174
110.293119412576
110.297303034332
110.303888839311
110.311079306832
110.318620934261
110.321844759278
110.329680108785
110.341628537945
110.348477158972
110.356848983785
110.363436545165
110.367739908565
110.378988441095
110.388972430533
110.396809208488
110.405458140164
110.41565744228
110.423698384053
110.435425815619
110.445197916938
110.451466882657
110.45854595681
110.463026340341
110.463274575888
110.464747344343
110.467664397602
110.469584831605
110.47505290013
110.480104463256
110.480867348167
110.483622370972
110.484470195869
110.487816137594
110.49070303748
110.492835713615
110.498151505753
110.503579510544
110.505441266618
110.510609716594
110.515537374807
110.518876000806
110.520561116257
110.520164164924
110.520239663306
110.517225093472
110.512032505236
110.512154643616
110.512459552658
110.508780797908
110.507402974589
110.504637271082
110.503543195205
110.501512269647
110.497212222594
110.496384690477
110.494588372306
110.494260888567
110.492548307995
110.491802180707
110.490214900278
110.487407438549
110.487090431901
110.483106306288
110.48226831368
110.480262734716
110.476598139723
110.472638259307
110.469324775849
110.466311439398
110.465214200172
110.460208761813
110.458388855007
110.457689157549
110.457686713703
110.461253621784
110.463738796744
110.465945427852
110.46931234304
110.470106763781
110.471221692942
110.475609244462
110.479681451801
110.481874220531
110.485719689496
110.489537176456
110.494361742762
110.498894658023
110.498903888809
110.497929014501
110.497524097732
110.498304225505
110.49760618221
110.494247504895
110.492207355669
110.490882378797
110.487314174651
110.48007198859
110.472166379803
110.464918165071
110.458070312025
110.451643838777
110.448207684215
110.442978719203
110.436584478541
110.429333133336
110.41990572514
110.406740414266
110.392208435465
110.3804075204
110.366890336716
110.352758948844
110.338754898354
110.323340794513
110.311222474406
110.301094378089
110.292732100163
110.283863084668
110.274015278048
110.264683308945
110.252356976678
110.243743890447
110.231500401874
110.221003492386
110.211820915704
110.202049201442
110.192914319675
110.178791252996
110.16478909568
110.152144456
110.142621466277
110.128773254538
110.116772574739
110.105433605349
110.095195545309
110.085334472638
110.075902575774
110.06810730973
110.059833354939
110.051114183228
110.045353424238
110.039126417777
110.035346764393
110.032609888378
110.028892754851
110.029400873765
110.029876059051
110.03001987527
110.031952431589
110.033876055264
110.036752652828
110.038830851912
110.038130464499
110.038151940932
110.039998208367
110.039933479162
110.037465996962
110.03587690377
110.03647551973
110.037923924229
110.038060112856
110.037577473169
110.038093489137
110.039006386223
110.036928653747
110.034030455383
110.030265116289
110.027821033764
110.025970892578
110.022380290686
110.016607703243
110.014382839767
110.013246516245
110.015504369891
110.017768619718
110.019256608252
110.019709145681
110.019407623693
110.019108328658
110.019745572911
110.020376571868
110.023115203942
110.024392219161
110.020202545117
110.017778644368
110.012601831333
110.008337847657
110.005476600732
110.004614332656
110.008243081122
110.009666743578
110.009723193584
110.009389362503
110.004196979865
110.00198766306
109.998894620733
109.991884188899
109.986716564497
109.981183011019
109.977598691125
109.972694259034
109.966370477379
109.962299604415
109.958303548345
109.958402401761
109.961742431713
109.963516587077
109.969450155126
109.973298004745
109.975575992371
109.979009373942
109.979063051645
109.983812937875
109.985540154845
109.988562189305
109.994480534716
109.999326565067
110.009076744618
110.018027324559
110.02961476733
110.04039360434
110.046918752746
110.057543031706
110.068046738262
110.078760822473
110.091312349799
110.102665580104
110.112044475209
110.121915609153
110.135528165404
110.149755459297
110.158755766511
110.168070364197
110.17906740645
110.189525775482
110.20053439706
110.208941952438
110.220419887831
110.230243673535
110.235586361558
110.239085024573
110.243200634174
110.247865981535
110.250959358755
110.253399783503
110.25987287249
110.267808554109
110.274060125732
110.277807810547
110.283642364639
110.291670946292
110.295612120099
110.301309301948
110.306970659165
110.311285748694
110.315474154035
110.320268088972
110.328430421311
110.33350889328
110.337605200191
110.340941452261
110.346245238523
110.348840377506
110.346719415898
110.346109587804
110.344769916282
110.340456259194
110.339409359667
110.336863742086
110.332216985683
110.330412572168
110.325919966349
110.32446017923
110.320772780639
110.316855689701
110.313260514658
110.312887217171
110.309292019902
110.306277747741
110.307986350582
110.306692823125
110.308280951799
110.307543811798
110.307191951653
110.306431216076
110.304897495364
110.305218853782
110.302821997132
110.306033395989
110.309779799524
110.311415715914
110.316139894299
110.320008647864
110.322081697053
110.325249812131
110.325822785677
110.325585468869
110.328245362309
110.331710334419
110.334129502339
110.336380498784
110.337624362466
110.337350398757
110.342172271861
110.34454986928
110.343090559166
110.342905548014
110.34266779262
110.345158769203
110.344677379014
110.3477796917
110.351124933258
110.352156358341
110.354171311454
110.355988277698
110.355431346466
110.356999587383
110.355001137578
110.353744365636
110.35318990449
110.351033441331
110.349286132913
110.346745816053
110.345452506106
110.344237899909
110.340903194532
110.335699198338
110.327466733095
110.318287033455
110.30915862184
110.304167352139
110.296531174805
110.287302213201
110.281038143007
110.271079130652
110.259829615441
110.250668568607
110.239136442277
110.226937688661
110.217239326893
110.209626911181
110.201043124869
110.1953159449
110.188955328479
110.178652934571
110.169958173642
110.15828379826
110.145510211963
110.130369393817
110.11310970348
110.100731861693
110.082538984338
110.065336414022
110.054554799249
110.040577220357
110.028317691776
110.014096783814
110.002441289029
109.994756044719
109.990616564872
109.98708619745
109.982486771225
109.978562891277
109.977180963513
109.979705791237
109.976129770748
109.97380976814
109.970836830379
109.961637420362
109.956389227289
109.948848869765
109.938615911318
109.93015756471
109.923184856365
109.918949007471
109.920148266528
109.920060094278
109.919971740089
109.920690265605
109.91939424832
109.917802993734
109.914494929147
109.906366092368
109.897251270525
109.891255045811
109.887597910626
109.883704271205
109.882792749456
109.881816688594
109.877121066947
109.874930579737
109.872977363324
109.868848717135
109.86431712117
109.860927573903
109.856386454565
109.85111103589
109.84365752626
109.838215889978
109.837536225649
109.838489794508
109.83808145887
109.835748997829
109.834402440951
109.827792757562
109.82210244562
109.816611062447
109.812150237965
109.809075780456
109.807911068904
109.808588430001
109.807027642252
109.808840503247
109.806493670874
109.804214094039
109.801635176496
109.796230549449
109.796162802634
109.795095518308
109.793873699837
109.789817698441
109.786783752987
109.786774071679
109.785298375213
109.78299192026
109.785326593622
109.786493291105
109.787461453751
109.788926727642
109.78818578672
109.789331566467
109.788879267967
109.788068234847
109.790081795943
109.793545412216
109.797588674318
109.804374006739
109.811647044282
109.816669664097
109.82444798631
109.829448524885
109.833787098989
109.83878165958
109.843296158854
109.852745726608
109.860543962894
109.868710320807
109.879654322173
109.888122882428
109.896309593925
109.903037052798
109.908579113494
109.915325522729
109.922395284926
109.930108487165
109.936633792984
109.945382024633
109.953474705987
109.958498108835
109.965865463929
109.974800332989
109.984262632847
109.993307208107
109.998907415809
110.0066881605
110.014278204565
110.020530550565
110.024398365816
110.028053565139
110.030452254511
110.031760422676
110.036474333226
110.04115410641
110.046511198788
110.050937766411
110.056028183321
110.059027382162
110.061905565557
110.066480161828
110.071699439875
110.08040503429
110.08774697941
110.095260465796
110.098276770856
110.101349275404
110.104816467545
110.11013380746
110.112966982769
110.115584869961
110.116866232691
110.122729130921
110.130970440313
110.136842762707
110.141521087105
110.149002043205
110.156403599239
110.164897223385
110.175564347005
110.184653306089
110.192897106517
110.203550428519
110.211967812234
110.221719245163
110.230691299999
110.237470905396
110.245983534649
110.255861508796
110.262726688096
110.272938806322
110.283793700362
110.29106744444
110.300654801912
110.31218217648
110.326281796536
110.343797800571
110.359340812919
110.371058903423
110.384581578038
110.398071398237
110.410926190126
110.418140090371
110.428151867302
110.435356717487
110.439596680095
110.446460422176
110.454930001763
110.459978250016
110.464774512135
110.467384046817
110.469477979534
110.470512631052
110.47021785541
110.47054261046
110.473816402214
110.478042955066
110.478441751776
110.481599952206
110.484752161515
110.491476051903
110.497364541872
110.49854435104
110.500235464013
110.504357240213
110.506502999518
110.505126034873
110.504338183869
110.502289259526
110.496514264951
110.491006665693
110.487941310845
110.485661509287
110.484337040821
110.485387373961
110.479903742859
110.476917685158
110.474414958438
110.46970363366
110.468185385785
110.467983087221
110.46605254786
110.463088941385
110.460436533016
110.45561654169
110.452417973972
110.451319993884
110.44894520679
110.446722433833
110.448492049919
110.449413888613
110.447068773452
110.443274365164
110.438876061878
110.434006296987
110.426841369628
110.418705138745
110.411935512205
110.4042574008
110.394836285965
110.385645078464
110.376640026681
110.366316134134
110.351205718482
110.342079281307
110.330930580554
110.322438331664
110.31639410711
110.308582540779
110.301637002366
110.29530123758
110.285413592559
110.276105115661
110.266070425075
110.255580292121
110.245761454573
110.236290584655
110.222551784798
110.2149066564
110.205145352072
110.192099738069
110.182033690303
110.177281033028
110.167586976746
110.157463156018
110.150893908781
110.142180469888
110.132001623205
110.124119149011
110.112482458916
110.102228747493
110.087754514879
110.071118501246
110.054303122915
110.036618703801
110.020626307937
109.999101597001
109.979753220863
109.96158366544
109.941386405312
109.920665262947
109.900351263405
109.879892096435
109.859340251031
109.843526332127
109.829835492255
109.813817835973
109.79978855142
109.781134416124
109.763667457734
109.742618151707
109.721754663422
109.703043632896
109.682801274082
109.665335783972
109.646127469909
109.626659334675
109.609045641414
109.591758448249
109.57322365179
109.558637234593
109.549205100391
109.539498074567
109.532881778803
109.529486196202
109.522578726299
109.517712440599
109.512416890898
109.505211241148
109.49994158291
109.499541570139
109.497212725996
109.492939091712
109.486153224814
109.480044574838
109.477620769203
109.472345711193
109.46651395946
109.458292832933
109.450938489365
109.446515469081
109.44319254791
109.441329209284
109.442779575987
109.438795898194
109.431801512784
109.426099471282
109.418899345755
109.411011340744
109.404529176637
109.399872899639
109.395498451017
109.397793914876
109.399192880626
109.398181574316
109.399992450516
109.40041401037
109.399609811584
109.401495269556
109.404200904686
109.405280979701
109.407921085993
109.410856825909
109.414777891629
109.417240963968
109.416268124022
109.419067562165
109.423979363404
109.425150927605
109.422575626077
109.426218208949
109.428033105926
109.42656086519
109.426014401123
109.434476618106
109.443489633552
109.453355225031
109.460542739332
109.461257162362
109.465572316856
109.470247307907
109.476447324226
109.483050045078
109.49110302472
109.498519096071
109.505385564674
109.511374444987
109.514460922876
109.524273629004
109.533500642963
109.541402248855
109.5512949219
109.561699792621
109.573272461691
109.581618378359
109.59113014132
109.600742340099
109.612131596836
109.624505584242
109.63338109137
109.647765258583
109.657609126609
109.669006614385
109.683504318586
109.696979094904
109.712787555568
109.731346369067
109.751718381971
109.768402655442
109.784616742341
109.80133250923
109.817336438295
109.835277853825
109.849847082054
109.864660160431
109.882285877193
109.900357196546
109.916470890048
109.932605954355
109.951475653043
109.972018631177
109.991393000484
110.008878725348
110.028010715179
110.047647927354
110.063712339173
110.078796327863
110.089767059287
110.103820628191
110.119701505324
110.134941502446
110.147156858607
110.155524896117
110.164106184823
110.173995531731
110.182138317656
110.191075192386
110.201740429778
110.208555261314
110.214443609272
110.219941439562
110.224444001705
110.230733387048
110.240614600836
110.25076363642
110.261144986076
110.273012504894
110.283471376756
110.291273383859
110.30189001122
110.309995423829
110.318664829391
110.325071734364
110.330037098592
110.333471414702
110.337272798288
110.338202148013
110.339021351084
110.339691301341
110.343718926355
110.351244290206
110.355548715127
110.360811033559
110.36315188585
110.369102852391
110.371801420093
110.374495678874
110.380188609036
110.384957146904
110.39281262312
110.396795911429
110.401782884214
110.405761313738
110.409835197578
110.414673675825
110.419140550556
110.421139461745
110.423272915137
110.421627359694
110.422732675076
110.422644826292
110.421000993852
110.419506690583
110.416769320647
110.415332307492
110.412420280601
110.408985686032
110.407094460509
110.406863903365
110.406569596533
110.406771529449
110.408543101708
110.409984295481
110.407847249148
110.401085758082
110.398947257201
110.395858125329
110.386723472887
110.378780905274
110.374215408757
110.366325290396
110.358048654499
110.353955649291
110.344180544254
110.33482493313
110.326792594982
110.320925920432
110.316084158862
110.312954566806
110.314744183816
110.314533058521
110.315042072858
110.316510812982
110.316692956951
110.319955975152
110.320327601544
110.319311930114
110.317873381013
110.314528063869
110.311960551563
110.312551709956
110.31164876387
110.307160295205
110.30055965533
110.292998901447
110.285119291218
110.280541422907
110.277692434427
110.271997278757
110.266222451592
110.259977330175
110.252179326889
110.244559341532
110.23185464424
110.216628956492
110.20177850299
110.187545979029
110.173772309075
110.159120580811
110.142847657696
110.124729368937
110.109291939913
110.097273375502
110.087171769848
110.079661613942
110.0692411364
110.058465784593
110.049649503353
110.03627433418
110.025180513759
110.014757362983
110.00288424857
109.991868222939
109.981416600112
109.971663694658
109.96291433049
109.955022987362
109.945749788859
109.939870544672
109.936413406161
109.930252641708
109.925364023778
109.926020337656
109.923448145771
109.917900399977
109.914367216274
109.908212678365
109.900528692216
109.898205857073
109.890332035017
109.882164976452
109.872728670286
109.863274717469
109.855991369312
109.846767215292
109.840447196603
109.835181690388
109.827645670724
109.825241037453
109.823519391182
109.819345657187
109.81176163292
109.805104599785
109.797065267581
109.787431397966
109.78026496802
109.778419843084
109.771548686646
109.766152759513
109.759061468469
109.750599397338
109.747180779748
109.745660073311
109.747480880477
109.754268954008
109.758994670917
109.767959013064
109.777415330708
109.787591972386
109.793393887526
109.799622978339
109.806244954578
109.810582021893
109.810326246589
109.811882912512
109.813934428226
109.810887997684
109.808553435947
109.808628516394
109.806660887356
109.805078673021
109.803065273166
109.799995556246
109.795414655537
109.791274261899
109.788700430995
109.789842307749
109.787653155211
109.78725971075
109.786934013466
109.78593988793
109.784817066906
109.783350045335
109.785414766449
109.783472590347
109.780072252857
109.780069137561
109.776972136713
109.774731850905
109.775044347675
109.775180321037
109.775613274864
109.775684085962
109.772298513457
109.773929183056
109.774746169167
109.773814326538
109.777809792132
109.776204858503
109.775273336081
109.778430641711
109.783879376178
109.791002976879
109.798866937814
109.808630341314
109.818213092001
109.823293450344
109.831361333757
109.837218161336
109.843570853276
109.846980647602
109.848805558433
109.852334938412
109.856861925388
109.862764729731
109.865423365097
109.8733871823
109.880814901037
109.889463789016
109.898971214401
109.907441001575
109.921210860071
109.932257376644
109.945525866144
109.957361297088
109.964448525156
109.972404349612
109.977413031296
109.98312152989
109.991515128235
109.99726654916
110.001381539671
110.006128706377
110.012354058453
110.017470809812
110.015654758348
110.020338766664
110.026202350033
110.030662280945
110.034207619332
110.038124296943
110.045159077917
110.054226599648
110.060909404762
110.067470769898
110.072128610014
110.074759856878
110.078438362546
110.079295082798
110.079755291429
110.081663150691
110.078820899475
110.080301750788
110.081345957386
110.079876218819
110.082559240045
110.08460118234
110.085859927176
110.088635954693
110.090529379924
110.088815288316
110.087963041127
110.085512421468
110.084680165513
110.082300153677
110.079070051051
110.076664389311
110.075952527798
110.075043454159
110.074904864232
110.072815670681
110.074336038389
110.078982751957
110.080206294743
110.081826200587
110.084939373049
110.086241996331
110.091254936073
110.096260803375
110.101752923794
110.103478476394
110.105582774158
110.106242203671
110.10491746208
110.103736610233
110.10335096581
110.10458208436
110.103689498184
110.102601638479
110.101330672201
110.102763860865
110.103885550397
110.10561491577
110.107242819752
110.107608290837
110.10686548807
110.104419337849
110.105028792503
110.108308657409
110.108891220972
110.111443871232
110.111547901531
110.11082588028
110.111969198611
110.110540524288
110.109524224837
110.107023203551
110.104834632695
110.104805213219
110.102600854436
110.099229481767
110.099058938387
110.095096571026
110.089052855812
110.08801880606
110.08666305278
110.084780715387
110.083485777563
110.081543945796
110.07869154515
110.080120514485
110.079205079844
110.076160646484
110.072533026316
110.06723328764
110.062099087402
110.057837711294
110.053862048524
110.045606126596
110.038486923816
110.037147906261
110.035350096557
110.032823609856
110.030704955915
110.031777931715
110.032379943968
110.034715956344
110.035015259351
110.034782507086
110.035467027767
110.037714487969
110.04148725576
110.042729214781
110.040147844788
110.041066237879
110.042980280466
110.046853437131
110.050239756657
110.049288283601
110.049835191033
110.049978889138
110.051615645584
110.054864645261
110.056757887929
110.064425508674
110.06901405788
110.071256972879
110.074214564097
110.078496680453
110.084133697965
110.087272615474
110.089838976412
110.091594771513
110.096937942729
110.101761053684
110.106718754047
110.10854263083
110.110465781249
110.116435541578
110.124201383249
110.130115010109
110.136533600512
110.143221672813
110.149380685983
110.15718188761
110.166812935555
110.171479283988
110.178438707055
110.183982710927
110.188994216934
110.195839416588
110.20360538396
110.205898302873
110.214527519924
110.222630412702
110.229452943765
110.237971251087
110.243780480695
110.250445402557
110.258553513763
110.262096369197
110.267266953651
110.273576767499
110.277209791468
110.278180997513
110.27893577818
110.277015500151
110.276845566524
110.274373906356
110.270846207151
110.268092320991
110.267518481748
110.267567711317
110.270673462605
110.268948787966
110.268226404259
110.266866321882
110.265300314575
110.265595170714
110.264183453444
110.262108364277
110.260001060821
110.258077554905
110.256842019003
110.255742701689
110.258803187766
110.261686605104
110.265097010872
110.268810965369
110.272020223142
110.273393836577
110.274657266143
110.274149010861
110.274821306496
110.274117163655
110.273653482398
110.274188298188
110.271544328018
110.270434837421
110.269901485793
110.271415403878
110.275001339242
110.27811489935
110.278015223377
110.282304542144
110.283662548809
110.283748658711
110.286729969342
110.289184225937
110.29048601338
110.29295118224
110.293814911405
110.294488004355
110.29641328672
110.296522769201
110.297040158601
110.295858781273
110.29477330101
110.29862551534
110.292936253162
110.288562863521
110.287031676379
110.285068557818
110.289965164093
110.290728320531
110.289263473042
110.290523540873
110.287340739315
110.283819191408
110.282162061006
110.284855641518
110.287333081113
110.291551128928
110.29570646467
110.294510669449
110.293923777954
110.292019222808
110.292906843603
110.294840883056
110.290071494364
110.283582156598
110.279745518567
110.278642862199
110.274999304363
110.271689880255
110.264236017251
110.258436761841
110.255108457579
110.249511473558
110.243933161048
110.236218947582
110.22755626606
110.220535762571
110.213733702102
110.206257127959
110.202959545416
110.198353260889
110.191223599532
110.185952599328
110.183644488428
110.180168214113
110.176958877239
110.172949061937
110.169628335921
110.165143429733
110.15798469028
110.150483156194
110.143274735759
110.133766138796
110.125150851969
110.119164279085
110.111227597605
110.104311928032
110.09997058349
110.094732441115
110.08807410359
110.079346701385
110.070806970357
110.061481156201
110.05394769422
110.046391041323
110.041805193078
110.04265530618
110.0399001595
110.037637687482
110.036098124612
110.033641409378
110.029997828632
110.026719966781
110.02346048473
110.017552895861
110.014803948125
110.014717566698
110.009338249865
110.002832695082
109.995625367537
109.988935936594
109.981427524115
109.97624284345
109.970550859972
109.96390603125
109.95841650254
109.95692305798
109.954640452433
109.951077460146
109.942822974349
109.938584066762
109.936436454087
109.932355702446
109.924784141774
109.916590028503
109.913275564186
109.905629799381
109.902838276178
109.900377641064
109.899064432496
109.899077278503
109.899211788353
109.901042773036
109.906215462757
109.905392296027
109.905881196247
109.904051981087
109.903086980075
109.90261690639
109.899650192355
109.893613443313
109.886889726003
109.878809133819
109.869035937196
109.856813204581
109.847999600156
109.836246358537
109.823999479604
109.813181912355
109.803801865676
109.795584132855
109.783106775875
109.773933398782
109.765612581511
109.75699824579
109.755707974305
109.751649331216
109.749242596309
109.748255416374
109.747438400529
109.748560667724
109.747928567665
109.746071623775
109.743166983963
109.744793375597
109.747137719878
109.752583168279
109.760484853657
109.768522474332
109.775315986448
109.781732960816
109.785672803203
109.788819690876
109.797020009985
109.804777046362
109.808587029234
109.81490442004
109.82101082903
109.828634639452
109.836320428088
109.842610359083
109.853019972649
109.863305886795
109.874919331023
109.888890944718
109.903903729713
109.913412503446
109.922325986736
109.932141576525
109.942063102157
109.954490188725
109.963416258439
109.971750525837
109.97998164239
109.984534102311
109.990264411517
109.997833372957
110.004422933003
110.009904423644
110.014229335791
110.017254645189
110.021968447879
110.025683634202
110.024070167458
110.024172291354
110.02286225994
110.020921510889
110.0235766533
110.025560684376
110.027339462094
110.029648930406
110.029779715377
110.035620113697
110.036930290957
110.037404022035
110.039395191782
110.040323445714
110.043208235448
110.043019099999
110.039544197654
110.036714445539
110.036134502449
110.035000904295
110.031563373182
110.028384684387
110.023742636407
110.021821979669
110.019850044407
110.019995523336
110.021361235666
110.026067175037
110.031547726967
110.03666009657
110.045629864983
110.057014147145
110.067940854261
110.078806396058
110.093220784352
110.108722402248
110.122721237459
110.135941676859
110.146545026766
110.160486726762
110.168491883335
110.176243346485
110.188060430245
110.193104904779
110.20052301751
110.206392528947
110.205831136915
110.208865884866
110.211614062327
110.213309717345
110.217246971357
110.219007644969
110.220292473116
110.223931594108
110.224530900936
110.223445885795
110.222523488743
110.22373463292
110.220296210963
110.22102212686
110.223304456761
110.224550503267
110.22281359457
110.221397483008
110.220642245891
110.220216401978
110.218383725726
110.213530201452
110.212919360232
110.214764726503
110.21449475661
110.21482845456
110.21315538165
110.209467143955
110.207194699993
110.204444005408
110.204764692024
110.205388207251
110.202805839802
110.198558163747
110.195604656407
110.193336911238
110.190059528362
110.187937999117
110.185917505428
110.181138367181
110.175092051607
110.169245019754
110.160501541349
110.154714307868
110.151064527278
110.144017506153
110.137431325486
110.137818777653
110.13843670405
110.135615020203
110.132784093617
110.131559953984
110.128650382653
110.129455806056
110.128039132244
110.131260831432
110.135391809885
110.135179189782
110.135216447577
110.132609015456
110.130630733386
110.130830731793
110.129894558291
110.13048633518
110.127761540041
110.122676904225
110.116349408924
110.105199680639
110.096759616338
110.089824031033
110.078464973831
110.069008812243
110.062082850228
110.052282556935
110.045408874112
110.041260041718
110.033943714843
110.024934634157
110.014371692578
110.007380495755
110.000038690633
109.991968031385
109.982525581152
109.970343149028
109.957126277835
109.94491092835
109.93143682455
109.91812687087
109.906537767369
109.896376719056
109.88760232008
109.879981214197
109.871253740882
109.864675723142
109.856941782263
109.848076778994
109.838715119242
109.829349602428
109.820327334127
109.808396262323
109.798868299734
109.786211521212
109.774258532323
109.764061138048
109.752869836093
109.746934554997
109.741209828927
109.733279042123
109.723891449527
109.712884705704
109.701424630662
109.688377182818
109.676531559358
109.661387078582
109.648582207686
109.635235747973
109.622801655516
109.609440146757
109.6001099831
109.591896240456
109.585017488741
109.576615968851
109.569507426141
109.561903367236
109.55644825137
109.548880912936
109.540184406377
109.53201503703
109.526348394043
109.517540739547
109.509076505027
109.501784255849
109.493855293156
109.489935147688
109.485659596776
109.482451285702
109.481804098601
109.479098495112
109.478241643383
109.479374882795
109.482925125103
109.488341579007
109.490916895235
109.49289649389
109.494494066084
109.497293364065
109.500603167823
109.50235326122
109.507261789118
109.510301189768
109.513330919289
109.516750749996
109.52377278865
109.53208412796
109.538139805793
109.543678568717
109.547502756525
109.550927872297
109.551556313376
109.550139616314
109.551219963596
109.555249770843
109.559273719461
109.562182693177
109.564694292992
109.571600114104
109.574175609656
109.573483975837
109.575335857696
109.579499874757
109.579987565335
109.583943833073
109.585626686723
109.58187439559
109.580792512738
109.580324227054
109.57636150174
109.573856812929
109.569416348922
109.568442606488
109.569840687228
109.570152188653
109.565506477374
109.561207735221
109.559320546398
109.557517264711
109.558406096444
109.559501281366
109.561788619017
109.564712058377
109.569529481843
109.581804761216
109.590707621176
109.599957082201
109.610079747625
109.617748002212
109.626141393286
109.636172086972
109.647740980459
109.657966603423
109.666942467623
109.675875452106
109.687508469068
109.700240151625
109.709222613829
109.720181032891
109.733948741908
109.746715093871
109.75743476979
109.772026955161
109.784835688876
109.799612246172
109.814537688295
109.824219203404
109.832330335372
109.844152301126
109.858855859038
109.873948726194
109.888554428001
109.90572162773
109.92149556097
109.93950998819
109.959405306138
109.976672672989
109.989452601434
110.002728847855
110.018596444279
110.03143563428
110.046836679329
110.063932220775
110.076890806886
110.088021211876
110.099075515869
110.114700775628
110.127002756329
110.139423906503
110.150269148919
110.160968996238
110.169188609316
110.178011195583
110.188370782234
110.194901778306
110.201147912216
110.205567240184
110.211571275236
110.214862616848
110.215661919034
110.217396577543
110.22031843706
110.221949939801
110.222362157493
110.22108162436
110.219583326614
110.218588106869
110.217336846369
110.217177219679
110.217811420254
110.21622156433
110.21349423541
110.213546756191
110.214393553608
110.216986787565
110.218544135955
110.21917250243
110.222012776705
110.222344319663
110.224222883213
110.228884013626
110.228741211076
110.23099887451
110.231554424365
110.231330841738
110.230181063455
110.22793867126
110.222984644642
110.218948492322
110.217984915282
110.220982739565
110.222230152584
110.225886147961
110.228386641699
110.233336927183
110.238757598117
110.246073173567
110.254618659117
110.260207459006
110.262891015969
110.265884612934
110.268912045991
110.268700421531
110.268786240089
110.26765680136
110.271997231294
110.274110359146
110.272345023046
110.267891873738
110.262184056758
110.25856483947
110.254624650117
110.247034142208
110.24048685939
110.234986232039
110.227009654744
110.22050700976
110.216060942823
110.211050265681
110.205454313593
110.200737754878
110.196311396539
110.194098513734
110.187996786407
110.177865180996
110.172279949485
110.165714555145
110.158092138539
110.149400026369
110.142932071276
110.134874510869
110.124970851212
110.120270061775
110.114832240031
110.10821194964
110.0989195012
110.088505657689
110.078995402687
110.068386432741
110.056089858577
110.04524248121
110.035274653351
110.028565530371
110.017761941911
110.003031073293
109.99333598891
109.982000330324
109.969618432031
109.955918904167
109.946490058038
109.934873513554
109.922914609603
109.911686980792
109.895068026705
109.878485158531
109.862692499905
109.846832152183
109.833428591028
109.820768003262
109.809853666098
109.80067710471
109.790553890166
109.78061250541
109.772133877403
109.766683219899
109.761794699382
109.754212285853
109.748524212138
109.744531118664
109.742763961327
109.739650258653
109.733057476907
109.726484374855
109.723784575849
109.720872465235
109.716885192492
109.711599779089
109.70976266741
109.707995806374
109.703228919895
109.700531901108
109.698864084052
109.694254118389
109.689175403087
109.68801036899
109.681248204614
109.672157246789
109.666051680785
109.659057339358
109.649361408759
109.643086335968
109.638167101805
109.635029323625
109.633186695051
109.628596856365
109.625310438214
109.623598268306
109.619827944871
109.620607517527
109.620610033003
109.619808028117
109.618924310461
109.614892629836
109.610965743639
109.609100888871
109.604803192142
109.607721920748
109.611521799394
109.614084368411
109.614907798148
109.612702740347
109.611381215857
109.609571165586
109.611475688709
109.611734325763
109.611174826365
109.613235732285
109.613181593148
109.612282146247
109.613667659384
109.61596128547
109.61707338716
109.612476047004
109.612940044348
109.610985101634
109.606004522471
109.602042509406
109.598614696882
109.596474937703
109.598303287911
109.597317236042
109.599868883333
109.605024509518
109.609959054581
109.619156069936
109.627266982083
109.636904268076
109.646920036085
109.656982604201
109.6684330785
109.678548117173
109.687303990816
109.696134165897
109.705336262621
109.712433156347
109.719581514256
109.725325382961
109.729932361079
109.737644991736
109.746739942652
109.758862886766
109.77184959897
109.780611159138
109.791723761685
109.80083479429
109.804694445328
109.805337058913
109.806704510391
109.808398222699
109.809249571432
109.80708468688
109.808576936144
109.809838986513
109.811040588237
109.815993543216
109.822168833429
109.827574501701
109.834262716945
109.844455939804
109.852668766382
109.859560492198
109.865236709458
109.869062403318
109.878162146205
109.886710023678
109.895284279895
109.901682299164
109.909906515198
109.917898336863
109.923919911048
109.932998383662
109.940245102057
109.947148275428
109.95542829569
109.964578402681
109.976878029636
109.987498750685
109.996332396165
110.005794468795
110.011475933409
110.017354290971
110.025541815695
110.030881919729
110.034534823018
110.037398845714
110.040864859722
110.044205167442
110.048519838131
110.05254168108
110.055984028693
110.058732860169
110.063745618952
110.068637533314
110.073786732904
110.078239249362
110.079430429528
110.085456522009
110.092075610835
110.099054001942
110.107965445143
110.115138966471
110.121690066987
110.125074039311
110.128551414118
110.134810142373
110.140269600009
110.143959142053
110.151053502208
110.154886020402
110.156462756195
110.156217539395
110.15485205516
110.149643541499
110.144052669919
110.137677640761
110.131423313131
110.125168177708
110.121764502872
110.117541409343
110.114022741989
110.111326321061
110.107036675473
110.104484054265
110.101527962124
110.099464861593
110.096663055353
110.091076719693
110.088891815481
110.084716331757
110.082067841795
110.079811196594
110.078795481736
110.072765018781
110.068709729439
110.063398382879
110.057964318156
110.051078637524
110.042477028508
110.035565896981
110.026285187122
110.016318647044
110.011840059157
110.005432514159
110.00003139785
109.99651696676
109.992360057626
109.988984033688
109.987295001223
109.985282345904
109.984263042802
109.98497911667
109.980573936344
109.976597963576
109.971244162914
109.968177558357
109.965140181385
109.962814370666
109.961514438564
109.955002322433
109.950288345173
109.946440329499
109.94185438168
109.940033050699
109.938575976136
109.937289083016
109.93982721949
109.9425518812
109.945944398722
109.94568480012
109.944146933721
109.940686025268
109.93673756368
109.934013115929
109.929372134493
109.925467453176
109.91869718071
109.912799679705
109.910558197183
109.908949635952
109.902201490232
109.894056940406
109.888558351033
109.884015302207
109.878277390327
109.87058750006
109.863078833736
109.857076629017
109.85090914748
109.846823544841
109.8411984419
109.833957838828
109.826401744763
109.817938809099
109.80923619289
109.804129802138
109.792879811215
109.784362330022
109.780605311074
109.774325488139
109.764975863964
109.759240038255
109.748475295169
109.735899129604
109.72406607097
109.713176453703
109.699304534705
109.685093115507
109.672263346323
109.660891844109
109.651046445084
109.639559875195
109.627442499252
109.620460956974
109.612243729891
109.609560298593
109.604071788508
109.597784022369
109.595469265724
109.592967997109
109.591116775587
109.588012965591
109.583342799256
109.577158632534
109.575876177437
109.576227201486
109.57399157171
109.574602404565
109.572567936098
109.571177669787
109.567420774599
109.565354827847
109.563473038556
109.562562809875
109.563367137612
109.56333574801
109.565502075508
109.567631089977
109.57004704761
109.572770449374
109.576023168698
109.576291520385
109.572863475109
109.571843066082
109.570583851873
109.570534281561
109.571705431031
109.571332828738
109.571060932077
109.569762207776
109.567255757254
109.564906606813
109.563374173969
109.561831232902
109.563526568605
109.560599084198
109.555914398222
109.554219025593
109.552016611873
109.552061973729
109.55027012544
109.550310775356
109.553343960259
109.555981531296
109.563164123441
109.569673903042
109.576938980485
109.586127805828
109.593687725391
109.60156131603
109.61085729722
109.620436883912
109.632418637992
109.640316660822
109.646363458748
109.655145329245
109.659995065296
109.667024239054
109.673612992335
109.675686843878
109.677962052246
109.680727231916
109.684002028103
109.688455114324
109.695256672676
109.702434503131
109.707123593242
109.710538233728
109.711629589507
109.717817358668
109.729236648935
109.738162773183
109.742816425343
109.750024248724
109.757148951995
109.765860696377
109.779885470502
109.791448110609
109.801475644619
109.809485430239
109.818919146431
109.831455009888
109.841684214448
109.849875844507
109.855843574796
109.864689771423
109.872704776274
109.880333823362
109.890104725106
109.897085325776
109.899895703513
109.906252177695
109.908186747277
109.910690860672
109.912686846168
109.913606477314
109.914297795444
109.914480604403
109.918311656089
109.919795109639
109.922669806437
109.92612557929
109.928629669011
109.93446288708
109.936744176373
109.939020730598
109.940189200256
109.943330332281
109.945428429593
109.951296498535
109.959870740916
