# Fix print output for fix writeZ1
122.098144999998
122.096864629533
122.096140643086
122.095947299615
122.096024063297
122.094677891062
122.089438183164
122.079984816149
122.069531540938
122.061350843077
122.050256137837
122.037143564031
122.02256051396
122.008808025282
121.99875780423
121.986972895731
121.972169310649
121.961537419092
121.948924909257
121.935131533792
121.924057002414
121.911050082149
121.895475464359
121.881974527216
121.86617213372
121.846601051066
121.825073491039
121.801377998029
121.774490511908
121.746768364058
121.71927879181
121.689303538315
121.658284749224
121.625078705333
121.591014240664
121.559049768808
121.526312328778
121.494204382008
121.459806451202
121.42617381358
121.391650264242
121.357895513748
121.324774876957
121.292499669713
121.26042812994
121.224863760945
121.18720707112
121.146692883771
121.111109828914
121.077488790305
121.041300730043
121.004089574609
120.962116678813
120.924014822644
120.88688671282
120.849807771645
120.810404698595
120.769428586753
120.729797256668
120.688935709802
120.648055657497
120.610697567997
120.572241350787
120.53203383281
120.492204563247
120.456387403606
120.418935723517
120.374534091852
120.330948837732
120.291404590908
120.253973352363
120.214963892779
120.176992691453
120.139100443576
120.101911618204
120.059743931151
120.020255336747
119.978591591803
119.932485134561
119.88661776269
119.840916196676
119.795015416043
119.753813191657
119.711611044502
119.666793388367
119.623474379228
119.580233426998
119.538515679461
119.491064511649
119.446869032571
119.402265151705
119.351925749809
119.304789711858
119.257108626285
119.207537453561
119.159076570861
119.118738875364
119.075201844026
119.030246956356
118.985424789546
118.938342623205
118.892253949947
118.846798683024
118.801242489582
118.757016010237
118.714643594757
118.66938697735
118.621363135056
118.574535312959
118.526213309128
118.474631453632
118.426377680215
118.38181946117
118.338706381501
118.295017345049
118.249650617599
118.202657670044
118.156120044616
118.108303482027
118.060919402305
118.008376801792
117.954270564419
117.900689149904
117.848480793538
117.800574377689
117.748473053655
117.698553619452
117.652590495977
117.603859298927
117.554331877697
117.506309523828
117.456735183243
117.40387236399
117.354934180297
117.306750747088
117.259086826468
117.21298621622
117.163945544566
117.114122509592
117.061557048307
117.0132822311
116.968465811936
116.921295554067
116.874750112758
116.829850009208
116.783500835133
116.738209592519
116.69092361012
116.646047998943
116.602742082491
116.559271611813
116.514490874856
116.47117633924
116.430122363007
116.392143660487
116.355213227963
116.321956953737
116.286606425239
116.250604842869
116.216273629798
116.179894670426
116.142780006261
116.108593234101
116.075413615963
116.045110258094
116.014710595422
115.984037359349
115.954307816324
115.928159393882
115.903996929962
115.875516020712
115.850163379691
115.827708029269
115.804385102714
115.778499128665
115.755079571887
115.734143847856
115.71088553914
115.687691090849
115.665780406216
115.642714735822
115.620752545386
115.601420123644
115.586250713903
115.57068669131
115.555023340932
115.539796738134
115.527769800397
115.518728268725
115.504249879226
115.492453437563
115.476447571677
115.458119257572
115.446428627819
115.435586150958
115.424245322231
115.413030426546
115.399915892407
115.393481402403
115.388404085891
115.381405967489
115.374976065342
115.37040099853
115.367942720562
115.36821731193
115.365583386871
115.363870646577
115.362114616378
115.362403347181
115.358642627754
115.356034411755
115.354796603012
115.355859256259
115.355372461361
115.351281918137
115.352201116718
115.353067874175
115.35229865008
115.351457065152
115.352224997389
115.353419613951
115.35318415614
115.355389623159
115.360595864626
115.369020486926
115.37539078388
115.383203399748
115.389540762174
115.390166695171
115.393972025251
115.398919895557
115.406866152437
115.415083808587
115.424080415746
115.432386031309
115.444293175145
115.454368246073
115.462858701774
115.475323136561
115.487343584228
115.4971955207
115.514240123082
115.531847203388
115.544180728846
115.558290060214
115.577054365932
115.594460727692
115.612568096763
115.629852677373
115.645647969911
115.660234415205
115.676980250797
115.693508121107
115.709113050867
115.732565453845
115.756824623477
115.780979262268
115.809118487161
115.838280188059
115.866800398676
115.89482850545
115.922955802667
115.948955872164
115.972695516722
115.993689724798
116.016765558224
116.039123326673
116.060413259068
116.083431916852
116.104188468095
116.122498399618
116.13989410334
116.158051628531
116.179245109761
116.19839123561
116.214788962487
116.23036343248
116.249090698624
116.269861430403
116.291802134228
116.307794623253
116.326698929355
116.346104054082
116.363687981368
116.385213383708
116.404659649203
116.424053058684
116.442044458335
116.462451804142
116.482368304485
116.494302165213
116.508314680077
116.523685243464
116.5368312275
116.548864684832
116.560057604696
116.571300190759
116.585584359317
116.602406728994
116.622418388468
116.639308097825
116.657013997647
116.678964631519
116.7020682488
116.72033349428
116.737114907616
116.75589799647
116.771623779692
116.787908452863
116.804118112788
116.819053878654
116.8342831014
116.849469760248
116.860250006034
116.874504326132
116.890138271327
116.903578313162
116.917147364165
116.935984112048
116.955733525481
116.971996084468
116.986119904419
116.995456808506
117.007534260862
117.023809727631
117.040072156579
117.053678924322
117.068309236881
117.084408206293
117.101663658912
117.119257047258
117.134862407612
117.153078190216
117.170756605683
117.18655505529
117.203567619341
117.218207161062
117.236190021193
117.252257261985
117.266990044605
117.281696627061
117.293753657724
117.30509024434
117.317124667384
117.326922259803
117.335867501367
117.345804939216
117.357551694937
117.36850460489
117.374187667924
117.380351705616
117.386727904236
117.392136905493
117.396448764987
117.400101581073
117.406257924944
117.413013843516
117.418728264879
117.4189299928
117.421272512135
117.421137530888
117.419629487463
117.42313092233
117.429179435887
117.432518690627
117.437676213458
117.442776832001
117.447549120835
117.444201168252
117.439084213584
117.43622115687
117.430549927801
117.425945089594
117.421620327564
117.415171279218
117.411883446242
117.407889297434
117.402033072478
117.40081096621
117.39782526485
117.393216441294
117.387591727185
117.379034420197
117.371041683338
117.365382474424
117.359990868314
117.357091565038
117.354613132327
117.346510088159
117.338335657749
117.330078245607
117.320926197047
117.31419306883
117.30696622329
117.299795877919
117.29308105583
117.286783215723
117.277258753971
117.264543496435
117.252266093564
117.241627238698
117.230802458946
117.224101178239
117.21660794691
117.207177450409
117.198061623574
117.192378788998
117.183446067494
117.169647289259
117.157434874748
117.145825237325
117.1332610921
117.120490365664
117.106077178858
117.094064091977
117.07893242564
117.063779473408
117.044375154333
117.024116170528
117.008323680129
116.986048990368
116.964579343704
116.946870638378
116.926837442278
116.905978655344
116.886595357547
116.867182527166
116.846856047683
116.828683080762
116.811881410093
116.7956564633
116.783206076676
116.773038193046
116.762920459398
116.752961298105
116.743970773844
116.735089917528
116.72484697973
116.712081090634
116.70087711795
116.691113417674
116.681304742887
116.66884385414
116.652201721296
116.635333888841
116.620251306787
116.604384624459
116.586981749567
116.5709848768
116.555429454713
116.539151773578
116.523002391895
116.506124454514
116.486673204791
116.469906624642
116.453041207916
116.433113842526
116.410644843083
116.38818037588
116.368905502612
116.348699742968
116.33013180018
116.312256905779
116.292318946989
116.273116625419
116.25555516845
116.237488071117
116.216490093636
116.194639207105
116.174990995599
116.15667053804
116.140061583274
116.123645954798
116.10709451545
116.085923432836
116.065612540687
116.047355763401
116.028023789716
116.009739735685
115.991417644227
115.975656839793
115.957429612281
115.936325793746
115.919204935729
115.901030475738
115.878200864531
115.857931152983
115.843189483587
115.826576668381
115.807097003161
115.78773414221
115.76934371148
115.750083018785
115.731815068315
115.714297104754
115.695660886065
115.674861217782
115.65389826649
115.636543478734
115.620297615968
115.605907049151
115.587026782305
115.568365937142
115.553459316918
115.538224610941
115.526121668291
115.511384441161
115.492809950405
115.473744619362
115.459425266404
115.446912689528
115.432815348787
115.419234799131
115.406978896606
115.397378705824
115.390123813574
115.380060840397
115.370208425777
115.36414471144
115.358377470894
115.353383516321
115.348105060078
115.340649515011
115.333372229979
115.324195760046
115.315626691798
115.308636675368
115.301996191335
115.294756858786
115.28889079873
115.281107656322
115.277957978122
115.272743530921
115.262824814324
115.252980617182
115.248012903522
115.243782469383
115.235266743586
115.231171191344
115.228742494413
115.226635192051
115.22400055676
115.221073572967
115.216750731106
115.213501653722
115.209933973093
115.205483310813
115.203770915609
115.201980807809
115.201741672427
115.201897280055
115.201961054155
115.203702989007
115.204728823593
115.20229191606
115.201479033599
115.203372760686
115.20681421881
115.208873675317
115.210790586162
115.219695932437
115.22930483533
115.238403348823
115.247576420217
115.258548738987
115.26902585253
115.280015027642
115.292319345029
115.301856315145
115.311441213648
115.325114444495
115.33868349223
115.350728404988
115.360749407063
115.374283609486
115.38814002683
115.398744171737
115.406769274948
115.420092299332
115.432798410384
115.444839849135
115.457957263845
115.470707638181
115.484780826744
115.50155550473
115.515919524578
115.53082982735
115.543757998475
115.552834488528
115.562870674208
115.580081255109
115.597079964588
115.609431147962
115.627137973287
115.644002454456
115.661040549793
115.678079929759
115.691621163073
115.708257284636
115.723402846647
115.733020229394
115.746132524818
115.757739380941
115.766944455588
115.776436543913
115.786297023212
115.794180284645
115.801229920227
115.809167285482
115.816401759446
115.824988057443
115.832251020582
115.838102651624
115.845788476261
115.854704636364
115.867127039922
115.878508282812
115.890378025446
115.900537446051
115.905527718272
115.907128849878
115.907754499636
115.909436799065
115.912132368779
115.912292998486
115.910997349224
115.909574363406
115.91302778273
115.916813130531
115.922295080522
115.929789029258
115.936250188696
115.941394721195
115.946782046756
115.953653402466
115.962117239102
115.971035135623
115.982877490303
115.996738489804
116.013000059194
116.031642755738
116.047937905452
116.062324161615
116.074585096312
116.087524803775
116.100670055648
116.114265837068
116.127555427102
116.140453291904
116.154946220542
116.167156695269
116.180080036965
116.192300696095
116.209483949341
116.226324117732
116.240937885109
116.256524212501
116.272580227575
116.288906354512
116.304392171117
116.323308619697
116.347578508016
116.36393947842
116.377655838065
116.390241417228
116.400323707642
116.411774431775
116.42098159902
116.431195455065
116.446082121804
116.463422715186
116.475745199465
116.486601940599
116.497187471141
116.510299805801
116.518784240503
116.526115896526
116.535387394983
116.542296809171
116.549621698472
116.555511031497
116.560069674795
116.56758636383
116.571503542696
116.576852226931
116.582328288994
116.586230393548
116.591137076174
116.59402744444
116.601079973098
116.604535962386
116.609090588645
116.613733117768
116.615369509349
116.617938818045
116.616385585814
116.613344408708
116.605925845101
116.600032115087
116.596227146593
116.594491352376
116.593275318721
116.588413175043
116.582197620447
116.575505321423
116.564754672361
116.55878831694
116.550932788664
116.541307771126
116.540017723895
116.541229998302
116.540144452786
116.531869543321
116.529710815307
116.529890730361
116.527679232857
116.525638956071
116.523918597853
116.521829632192
116.52001277222
116.512503398984
116.508183563979
116.504035573151
116.49461145677
116.492007794872
116.491446673687
116.491004189856
116.490452635936
116.488114833899
116.485134527775
116.480910726233
116.477192840333
116.474004541886
116.469634503595
116.469240680081
116.466503137043
116.462875553455
116.461608739006
116.461719063791
116.460152014675
116.461277730267
116.462112670792
116.466024946236
116.468974289058
116.469262565769
116.466584311672
116.462612288057
116.460164276194
116.45818029912
116.453463408652
116.448202177935
116.441505802552
116.438389535504
116.439761769463
116.440864946899
116.437770755655
116.4368017879
116.433258276676
116.428201126128
116.424030471546
116.417238362534
116.408915718262
116.403658326728
116.404548570576
116.403134720047
116.396826309808
116.386350024154
116.377999694933
116.368475464208
116.355619043329
116.344550734822
116.328913273082
116.309154955703
116.293192815324
116.277792601863
116.26604233991
116.256658883167
116.243220408
116.226979254827
116.207557267
116.191704586856
116.175499582622
116.159417027
116.144359023494
116.12725264138
116.114548044733
116.103059566478
116.089518725831
116.077543725652
116.065199502973
116.053344297503
116.041628739245
116.031098492627
116.025078019671
116.013865059072
115.999711748288
115.988308911908
115.978325983048
115.966512058327
115.957079911396
115.946532385831
115.935106637399
115.923317371514
115.910334307437
115.897835222886
115.886163307153
115.874407625734
115.85660834554
115.840111750055
115.82586611972
115.809865711607
115.790519610289
115.769284932615
115.75291225447
115.736229052229
115.718175214803
115.700432499491
115.683075085473
115.668385889269
115.654017965762
115.640192224796
115.625095471357
115.606903355689
115.590819403792
115.576213633331
115.560852899563
115.54077934393
115.522147964337
115.506742667723
115.492032899008
115.476342526426
115.463562470606
115.450161676016
115.437483479038
115.427457283518
115.41743461384
115.406846021962
115.399083627624
115.389489213879
115.377216150887
115.364949560231
115.350591219119
115.33961500892
115.326585831359
115.307795129459
115.293115527043
115.279417811884
115.263203271637
115.250981588586
115.24222433459
115.229870413853
115.215412136658
115.204000558193
115.194089345527
115.177782196083
115.159837713349
115.14667598839
115.134525772656
115.124670581717
115.114150981231
115.101457704257
115.090918611413
115.081929412533
115.072356328077
115.06797813721
115.06207853612
115.053236719701
115.046925591597
115.039514836209
115.032964759552
115.027303795712
115.023711519959
115.015471223937
115.005016204121
114.99553411956
114.987294747351
114.97790009245
114.970409066948
114.962355859352
114.955564395132
114.945940274943
114.936252834427
114.924497106483
114.917702759196
114.911927243391
114.903055948715
114.89142953598
114.883808195295
114.875778752641
114.868146503902
114.864028554921
114.861161471064
114.856947327816
114.852951611027
114.847881890612
114.840547751225
114.834863016097
114.832203653137
114.830418089228
114.827823105085
114.824208900687
114.823053124733
114.823125774864
114.827745123589
114.82899134827
114.825055205474
114.824225644855
114.820470066782
114.817274281446
114.816273617411
114.811309444347
114.808545211889
114.809124624277
114.809548380469
114.809964931384
114.81015162052
114.809874129681
114.809000137414
114.807223494291
114.808828678108
114.8091080999
114.812295032196
114.814917417505
114.814479492904
114.81955154288
114.821735172412
114.824358798389
114.831259292266
114.835832410185
114.841084015904
114.850032501984
114.855704977662
114.864256385562
114.872013441465
114.882674840215
114.894128617513
114.902528816016
114.912422370453
114.919383813864
114.924955903559
114.93471174419
114.945461833863
114.95582208445
114.960600043537
114.968496869964
114.977133265029
114.983263927387
114.991937169886
115.000971679329
115.007909616032
115.015639725216
115.022829068191
115.027256578565
115.029936834248
115.036928173605
115.041987582131
115.046574203413
115.052991513553
115.06099322917
115.07119404547
115.080760901346
115.093552352704
115.105014183405
115.114230895287
115.127315060665
115.140531656889
115.154027764662
115.166530871374
115.176357867126
115.187985599275
115.197016021175
115.205724308434
115.218127954474
115.225429967954
115.232492151214
115.240349389299
115.247879740907
115.259271781206
115.268433171649
115.27642126081
115.287117823166
115.297197966299
115.303851634665
115.313603136588
115.32219729941
115.331136412212
115.343059899561
115.355723334942
115.368841295589
115.384677235391
115.399775283752
115.412586207438
115.428502625856
115.444391993065
115.459256250754
115.47426229027
115.488327109967
115.501084417734
115.51113312201
115.521097874376
115.529937571788
115.537170474983
115.544467125206
115.553399318392
115.563098630234
115.570520539967
115.580986858216
115.594469264286
115.606909638068
115.619828060187
115.635530185326
115.64815743076
115.661085120484
115.672252268901
115.685866552743
115.697472044818
115.703965336423
115.712644995221
115.724968896072
115.735361189491
115.745336584991
115.756591643796
115.761778809262
115.770122987123
115.780269521083
115.788755543326
115.79689700902
115.802092489261
115.808332431691
115.814741645059
115.825641287945
115.832760489781
115.841921066797
115.851881537294
115.852893936049
115.856923924474
115.860898875833
115.860316035951
115.863401711779
115.867435610456
115.870370783272
115.873344904126
115.873461409716
115.869875603752
115.867322060034
115.866354824052
115.865594372304
115.863812114509
115.864251512186
115.864433582059
115.866522794293
115.866988693306
115.86705258513
115.86834478434
115.872152514294
115.87161906811
115.869488128227
115.871711788542
115.875972783825
115.878971332475
115.881282506838
115.882114920309
115.884290352461
115.88711734243
115.889194063444
115.891302536025
115.894829757474
115.895221712577
115.89745888172
115.90117701819
115.90156221952
115.902741656564
115.904115605965
115.905687679405
115.907177678811
115.908023848542
115.910657210555
115.912796020411
115.919136052599
115.924175214854
115.926429502392
115.93058781072
115.936123259539
115.944949675956
115.948619047102
115.951171429051
115.951673204382
115.9522557086
115.952717394424
115.954407663567
115.954585457453
115.950200370102
115.945444871167
115.943804838659
115.940778582555
115.936714678608
115.935112369011
115.930291742413
115.921749848195
115.91379868483
115.907953715898
115.905032523702
115.904757880103
115.904581543116
115.901296014328
115.899597072081
115.900469498362
115.902486893738
115.903402638929
115.906352539722
115.906005786873
115.904259699959
115.904426428141
115.904319426481
115.902604080462
115.904811111872
115.907602701429
115.909994837381
115.912065996832
115.913479934632
115.912620307298
115.912270824367
115.913846110007
115.915425168855
115.91561009733
115.910003914663
115.905442179054
115.901771779852
115.89707442237
115.892210608503
115.887250362745
115.882055901435
115.873689457128
115.865993535574
115.860575615263
115.852151429513
115.842926972885
115.833128306958
115.821095459958
115.812727051543
115.80074504959
115.789293675469
115.776600597117
115.76245208912
115.751906062543
115.737522018014
115.72430598505
115.717059810871
115.706904215165
115.696685086905
115.688238425807
115.681519991426
115.674657379319
115.668584805202
115.663896643501
115.659591112162
115.65512569276
115.650719016298
115.643599983344
115.637841933543
115.630836733424
115.622652254501
115.61288948733
115.604324906239
115.597266925359
115.589655131846
115.582275072537
115.574859878926
115.565146774647
115.552044701064
115.540230308822
115.529407168145
115.51886241771
115.507899456257
115.496899987745
115.486695122944
115.477412117256
115.470725236105
115.458314906047
115.442748310099
115.432292081448
115.418647057577
115.406427417056
115.395871551507
115.387714028051
115.379630129817
115.368872179175
115.359814486682
115.352725519541
115.341526054265
115.330569524713
115.317368047721
115.305680506731
115.298732179892
115.295623477767
115.290867860757
115.287585806503
115.288703348718
115.286971478503
115.280915382608
115.272855852895
115.264771245879
115.261314245386
115.258008810292
115.252478920106
115.246949031371
115.24320568313
115.241672977833
115.24315559686
115.243768754426
115.24447899144
115.243551332224
115.239619007237
115.237068143076
115.231109076661
115.229410880058
115.2301707914
115.22378249083
115.217812817925
115.210790637774
115.201314917312
115.192830394812
115.187762146149
115.181854761679
115.172785253337
115.16360393441
115.156218836921
115.149465499561
115.139253658667
115.128958411469
115.122490785665
115.114449602059
115.10778996896
115.101861817175
115.093588832557
115.084216659542
115.077190528332
115.073591580314
115.067377669383
115.062960476781
115.060706686775
115.057777237464
115.055938563735
115.050315133545
115.048001554038
115.048254003167
115.043698747198
115.038287797596
115.035749652129
115.031350402064
115.029964430876
115.025808137914
115.021228992107
115.015572084965
115.007891074623
114.999470398181
114.991089076231
114.983408561695
114.977834667556
114.978014159306
114.977057070842
114.965446899951
114.957818310205
114.954553752344
114.950640702694
114.948016859664
114.947472456928
114.944597219928
114.936897421538
114.932533569418
114.928134880369
114.920428213978
114.915016797507
114.911740188445
114.908239538233
114.908905552744
114.908236787645
114.905790443731
114.906257824877
114.906524046016
114.908360768192
114.910307740369
114.914988781472
114.922614275406
114.93243950118
114.943423285742
114.949138388919
114.951610283347
114.955476111375
114.96293107074
114.966936245697
114.971836282081
114.976372556332
114.978875811284
114.981742070879
114.987171734724
114.98961258882
114.989147069618
114.990471881742
114.991034512232
114.992936617037
114.994204934398
114.99213478735
114.99130490268
114.993154938821
114.994513100264
114.996335045821
114.994775316772
114.997652864301
115.001768878169
115.006860262828
115.011124496667
115.01670616472
115.024388200911
115.031887700064
115.037670436578
115.041508718208
115.04408752018
115.048655405972
115.05380082556
115.055934804851
115.059518987191
115.066621946848
115.070780007733
115.076100419148
115.081812954383
115.084816870791
115.087812442615
115.093547702368
115.101391426613
115.106861549723
115.109449303716
115.111447058242
115.115353746066
115.120433150929
115.123512762469
115.124195777306
115.12615295214
115.129120573947
115.134185592612
115.140832591736
115.146390130533
115.156257378362
115.160109456057
115.164571175072
115.173597062329
115.182427249836
115.18455975092
115.186003414871
115.188711446847
115.195042166673
115.202396378059
115.209602690546
115.217762748329
115.225010980078
115.230107864705
115.23740754209
115.248217712107
115.255697507154
115.260981555267
115.268892205193
115.2730163516
115.28039356888
115.289598070075
115.294104621795
115.300377741051
115.306008714196
115.313773322366
115.321953405267
115.329227943553
115.336675940259
115.34548308421
115.355135697292
115.366152860603
115.376222830458
115.384453641962
115.389911602495
115.392721057504
115.394531897509
115.400663467719
115.405431885463
115.408267886227
115.412072468804
115.419721427119
115.427064349816
115.434466146619
115.441594174949
115.445337396529
115.448782445408
115.452376609496
115.452379230561
115.449790329298
115.448714395622
115.450829646018
115.452340879873
115.450634358664
115.450402839851
115.453351230987
115.456666999242
115.458283614289
115.456724866092
115.457056695699
115.457472506071
115.458180114979
115.458033157778
115.452313377644
115.444941962971
115.445029219989
115.445872893191
115.441972325294
115.439185757051
115.440898519352
115.441562700282
115.444602388599
115.449792367023
115.45681991549
115.463652801909
115.469913560379
115.475604297011
115.481853138608
115.487553656555
115.494888920545
115.504167231746
115.512758208447
115.521772530283
115.5319904778
115.540418739142
115.548138825483
115.557658092957
115.567849887422
115.578485225852
115.585571519938
115.591412149046
115.595603822304
115.600096273597
115.605183842352
115.611931630685
115.619901876968
115.624464965481
115.625764694419
115.628640205241
115.630002440662
115.632771109784
115.636014237604
115.637377087458
115.640129709254
115.639026953486
115.634153813072
115.629558806593
115.62812953666
115.625994981024
115.622735067147
115.62081941021
115.616603774529
115.611387012412
115.604672129275
115.600737708377
115.595186667714
115.591635303838
115.589794002802
115.58570282511
115.581381497335
115.571925323074
115.565056198987
115.559880306881
115.555723245666
115.551121350509
115.542809736639
115.539019662519
115.535436507307
115.530660151528
115.524640069911
115.515196928519
115.509045454599
115.504736749697
115.501673782909
115.499312070124
115.493450755226
115.488278882166
115.482518139122
115.471934482724
115.463833147245
115.454956881785
115.442459584337
115.433449577762
115.426432186892
115.420664386693
115.414272114129
115.407143763266
115.398667542629
115.388533294899
115.377217161148
115.363974642392
115.354402998884
115.348336543868
115.341916514687
115.333777489097
115.328760860238
115.324785156096
115.322800033147
115.317451813753
115.3088660143
115.301298842199
115.294040394945
115.283890349327
115.276941853389
115.269633299721
115.261469754
115.254157729047
115.24236631612
115.22871157572
115.21563449843
115.202712136229
115.195586762006
115.187312924355
115.181012107438
115.172534917196
115.164524145268
115.156000060686
115.152710224011
115.145681352641
115.136851745332
115.128370031103
115.116617916583
115.103445790321
115.089948233557
115.076214969596
115.065604120074
115.053219293638
115.034219088397
115.015393076381
114.997255432872
114.979588441221
114.960856899458
114.943396274969
114.926736366102
114.909674367762
114.89621802913
114.880996945006
114.865949683779
114.850363321795
114.833990276039
114.818626833734
114.80505561901
114.791008370542
114.773215677357
114.75758776948
114.74614625265
114.734232755884
114.724916429424
114.718235097795
114.708804307932
114.695762663419
114.683283303631
114.675613041152
114.664635702048
114.650479335194
114.636795580452
114.62463826747
114.616908203121
114.60827452336
114.599518957889
114.588868026953
114.583124532608
114.575388027432
114.566170715659
114.560134690642
114.554775106807
114.549602104507
114.545884765489
114.541402925744
114.53674662906
114.533809191733
114.52765323457
114.520318448257
114.515582685357
114.511682415051
114.50733727052
114.504648002998
114.501397310893
114.499692512353
114.498985734624
114.50024549711
114.504648927817
114.509811482613
114.513721041623
114.51568819071
114.519548029663
114.522764004476
114.524419612496
114.528833961059
114.531731624062
114.531349765999
114.530607186946
114.53041870853
114.528728140086
114.525410315392
114.522752943976
114.52244007881
114.523137207498
114.52451634307
114.525747171142
114.528785641786
114.532985582755
114.535908384114
114.540489967922
114.544931291322
114.548642290741
114.550469524729
114.552304536111
114.55301141244
114.551427631575
114.55474862144
114.557987641802
114.563084777593
114.570739132024
114.575321978333
114.577029342696
114.579411844134
114.583313721783
114.584204840894
114.581640904651
114.577195001481
114.57171810137
114.566847026346
114.560811849823
114.55444568904
114.549124015322
114.548331518672
114.547543769196
114.547317271978
114.548201595784
114.549223204868
114.548757667612
114.54723519824
114.544643475068
114.542559176299
114.542153613975
114.540804625218
114.536887961174
114.535036284304
114.532964691159
114.530273898343
114.529212162314
114.529078394823
114.533857786559
114.53763867149
114.544085976971
114.553797783637
114.564945534048
114.570636625907
114.573795200528
114.578285803145
114.582721470545
114.593019389553
114.604262353393
114.610182920568
114.613869688673
114.616154580266
114.621209319935
114.62645830005
114.630223771451
114.634894091919
114.643075659526
114.649451139399
114.655364191378
114.665499657996
114.67733471499
114.689141834733
114.700585203679
114.711577572138
114.72396612599
114.737228013462
114.751147791835
114.760356129711
114.770559454487
114.778449542574
114.7886518268
114.800004769572
114.811342788522
114.8255976675
114.83933629652
114.851062645117
114.862754621364
114.880817078256
114.897353984576
114.910219704807
114.921134206006
114.930721149967
114.94187719636
114.954760031254
114.966371845931
114.978918997098
114.987794220593
115.00001811305
115.013172807609
115.022711753861
115.032292623481
115.044716229791
115.059321133365
115.070540684566
115.081662129791
115.09577745245
115.106138467413
115.114621288169
115.126006357128
115.138417085918
115.14822160533
115.157660825742
115.164440268271
115.16984935577
115.175193282056
115.182053971428
115.184213087314
115.190172536081
115.195625528488
115.199826731534
115.204725434532
115.206921615895
115.21125680469
115.216910331812
115.22022056848
115.226039631941
115.23067395839
115.235428592533
115.24318999297
115.250882604884
115.25580000303
115.25856365652
115.26263066524
115.267494043482
115.274039567295
115.279851251332
115.28281233628
115.289345355281
115.298247280764
115.307333916085
115.316341129097
115.319595585508
115.323499635761
115.331933104759
115.339372723143
115.347942032768
115.35493649043
115.364841699348
115.373772557711
115.381266855477
115.390870344438
115.401140049321
115.412162890415
115.420736548528
115.431837865677
115.446024752776
115.46031706161
115.476664002939
115.490745463095
115.501820654765
115.513745459605
115.521193455886
115.525352396498
115.525979493205
115.528202350034
115.532635848212
115.535226881709
115.539129718176
115.545685588203
115.552625915256
115.557810609861
115.565690671419
115.57419266847
115.580066997333
115.585987219602
115.589405689125
115.591614812931
115.593377512574
115.593469381776
115.596660624209
115.598498055319
115.596698541832
115.59608856293
115.596854316992
115.595696963932
115.596624246351
115.598969445932
115.598649087034
115.598191770746
115.595733665249
115.595822541137
115.596865404492
115.595638395957
115.594523278934
115.592860905545
115.593158050216
115.594448967904
115.594677835457
115.596322449025
115.594898574769
115.589118862936
115.585463731371
115.583209451678
115.577871646573
115.572459754708
115.568756264694
115.564854814202
115.562453516363
115.557429445671
115.548477278399
115.541229155331
115.536716909289
115.531156073228
115.523420914571
115.518344542321
115.511574754872
115.502818507177
115.492283359955
115.483432023479
115.474571189824
115.46791440593
115.461328072621
115.45439247176
115.447063814356
115.441530109239
115.437350750853
115.432793589
115.423680637578
115.417618089148
115.411556760633
115.408026889574
115.402808211568
115.396156632486
115.390017463167
115.387812704605
115.387939986545
115.384450046025
115.381802537384
115.379958890553
115.377777146586
115.377975668095
115.378670173866
115.375140726585
115.36841424436
115.364422899378
115.358972072873
115.34986738604
115.344445433559
115.33798003271
115.331356891269
115.327628381119
115.321302554432
115.316802924534
115.316608753263
115.316334868515
115.317124553865
115.316373516975
115.317655764169
115.318016644215
115.316660467166
115.314758113763
115.311841469075
115.308432042228
115.302918855663
115.295684592323
115.287462889465
115.281654799124
115.277295476612
115.270864444472
115.262985114325
115.256777084862
115.249011520199
115.242055414126
115.233407257536
115.228601432219
115.223004066031
115.218308144445
115.21412756011
115.205310110674
115.196970976816
115.184617532491
115.170116653816
115.155391582568
115.139807457821
115.12882755035
115.115372845054
115.10110698993
115.09194362908
115.083831599047
115.078656071199
115.068916861542
115.061507433105
115.055254486614
115.044078358614
115.03224025843
115.019815604955
115.007049197961
114.99289331176
114.979444777608
114.966501358495
114.954459695783
114.945682193586
114.935329805442
114.92525256253
114.917996670267
114.911992430251
114.907177044224
114.901865905039
114.894369667138
114.885321866692
114.874719868368
114.866764832109
114.86102216212
114.858455150205
114.854958593285
114.850539280312
114.845173361259
114.837087614283
114.827719479157
114.819324212621
114.812540020027
114.806723542416
114.800075121891
114.790876767041
114.784423827796
114.779300562864
114.776286053694
114.772168605606
114.767343085675
114.762700174001
114.753126369091
114.748037433841
114.745401804299
114.739844610632
114.731098170904
114.718941778603
114.71233942409
114.705517769029
114.6984945223
114.694139444646
114.690289636454
114.685788263793
114.683560086218
114.681602302036
114.681077582529
114.676395185743
114.670462567199
114.664995564223
114.660660406915
114.654927549327
114.649835422136
114.644089672233
114.640219163202
114.637645518936
114.635762314913
114.63469508414
114.632160012634
114.63206098721
114.631381020278
114.632175760186
114.637868319391
114.642283533557
114.639472426323
114.638678107006
114.63774199623
114.633687884792
114.630638308787
114.628369659111
114.627210522875
114.628466735673
114.627492028223
114.62703161141
114.62360983816
114.621501315188
114.620792138229
114.618279367497
114.615851873743
114.614843739273
114.6151339424
114.615783391189
114.614529621601
114.614871119397
114.617659042338
114.618719440239
114.625314503372
114.632190931021
114.640616856091
114.647878404359
114.652288032206
114.660566272163
114.666566219201
114.675678696523
114.687652828437
114.697453269055
114.709540179536
114.718334734234
114.728744457176
114.742004194508
114.753329650545
114.761912552667
114.769906334407
114.777776621238
114.789924274732
114.801482581801
114.813946803154
114.824845093585
114.83308135631
114.840182090399
114.848403641404
114.857664988475
114.865121670854
114.872818619804
114.88170577893
114.890651623771
114.89583501886
114.903487166626
114.915905947553
114.925071165564
114.935677316213
114.946659807487
114.954996738718
114.963131480601
114.970873401638
114.978981794462
114.983470441205
114.990620063727
114.997191687101
115.004038187474
115.01124729763
115.015738674629
115.021521291884
115.027349819684
115.031581807217
115.034095013369
115.040338036775
115.049631778657
115.056059393473
115.058441307945
115.062489277371
115.070596641085
115.079932000344
115.087153491101
115.09523573496
115.101896246645
115.106450294233
115.107093511689
115.106231242338
115.104681672559
115.105640315792
115.107745144582
115.108276573373
115.108738800394
115.108825994623
115.110096791975
115.108709405452
115.109709422064
115.111941192469
115.111191642526
115.110362243121
115.112677398837
115.114026993346
115.111726220407
115.114412459471
115.112663925812
115.109404390754
115.107716339753
115.108506310687
115.10966532478
115.107256799719
115.100951342229
115.093457442202
115.088803393923
115.080654301297
115.070080870306
115.058483456864
115.049302186065
115.045772417999
115.039166327325
115.030960209858
115.024635123997
115.015593293471
115.009032858936
115.005051431637
115.001971621125
114.999926204131
114.99555585804
114.994723687004
114.989623761053
114.981401118162
114.974689994727
114.970255391722
114.964043966428
114.954962560609
114.950229395097
114.948068061015
114.942263764092
114.938064051464
114.930850775413
114.925839647226
114.926526517163
114.92290580209
114.915909060226
114.912278082395
114.910932593925
114.91004760789
114.904879855474
114.899422243987
114.894833745611
114.88953433702
114.884705893604
114.879705903915
114.873322280798
114.86679350784
114.862661997348
114.857582324557
114.855848339485
114.851377661246
114.842108348616
114.830524059701
114.818885356762
114.808030876906
114.796335371248
114.78147915296
114.769354562615
114.761791015562
114.757757952957
114.753185414277
114.749863430809
114.749439872293
114.751021745066
114.751741018659
114.752099628098
114.751682770571
114.74923898276
114.747737166996
114.749447862724
114.748379653374
114.748472628947
114.745919506746
114.735873176345
114.732248805359
114.726138946217
114.719785340127
114.717471375033
114.713000610626
114.714502501587
114.711485339781
114.70777297426
114.705480030348
114.699194888907
114.69589406593
114.691387815761
114.683457061389
114.674086872394
114.663050389199
114.652032061921
114.642562270603
114.633166711452
114.625718966322
114.616188479538
114.606316893818
114.59370112099
114.580150897545
114.566952556837
114.555449425153
114.542397739583
114.52852226272
114.511783192819
114.500979834398
114.491965717104
114.479590176381
114.466710554896
114.453749498541
114.43943807383
114.428374906198
114.415735895088
114.402245406299
114.390910278009
114.378463643753
114.366309588367
114.355038463507
114.342359012789
114.330562965647
114.317772133658
114.311027140276
114.299938246742
114.288887923691
114.282856668132
114.275486705712
114.270408780426
114.268491511286
114.265736270536
114.264703598872
114.26272405046
114.261174837558
114.257271153518
114.256162136333
114.255374836155
114.251874410181
114.251779223848
114.25182107044
114.250429996828
114.248354442525
114.248203116367
114.246059696823
114.237934610428
114.229930141095
114.223847996892
114.216110391549
114.21021239343
114.207436284699
114.20281572949
114.201046283981
114.199882506338
114.196353875
114.190525433703
114.186959243473
114.18487457128
114.17843981518
114.175740909922
114.174137653844
114.170939378633
114.171750495834
114.170811912699
114.166995909999
114.165937988042
114.162701121777
114.160727428503
114.163407154572
114.170355923973
114.169199268871
114.170874806186
114.171922597769
114.171740910506
114.175790742217
114.174137225636
114.171596248505
114.172888134336
114.171271895377
114.174639772478
114.180221501795
114.183106609169
114.185163886996
114.187997511138
114.191601773141
114.190352915798
114.190151765596
114.188508112953
114.188979464956
114.191280025614
114.191478978053
114.195257916136
114.194378056108
114.190350648663
114.190358421363
114.193383439327
114.193644425233
114.191306089172
114.190170620995
114.186929467262
114.187513840238
114.185961731594
114.181425470686
114.17807175254
114.175776979906
114.172115874499
114.171756118532
114.175772327884
114.177456563611
114.180350437369
114.186974322868
114.193059136259
114.200891378675
114.208439270522
114.217651213674
114.228535619778
114.234278291918
114.239063670528
114.243058041428
114.247209892638
114.249469917334
114.254761971323
114.258600211355
114.260966554178
114.264855333509
114.270655078471
114.273972192503
114.273423934149
114.27647781764
114.27854780871
114.277738672323
114.277335332429
114.274072244191
114.271507887575
114.272655203954
114.275308283063
114.279364932834
114.282186495256
114.28609419529
114.291576448134
114.294889452916
114.296274205171
114.298639566975
114.30433987407
114.308155834922
114.314583240292
114.321546917507
114.3294726143
114.334477786731
114.339413986911
114.341445314851
114.342943553277
114.350004149241
114.356875694585
114.365183890863
114.371567891559
114.378608068735
114.385025489459
114.391625397704
114.401241045514
114.415509296208
114.429967913932
114.441943452086
114.454548935837
114.470126279219
114.486677850429
114.502637396962
114.518009034802
114.534215742533
114.553320546076
114.571481368223
114.58604108801
114.604759216328
114.622039715161
114.635672099505
114.652188514694
114.668712015102
114.683455407821
114.702598938951
114.720457787118
114.734629477708
114.748433407897
114.764644082079
114.77817588949
114.791680068417
114.805301145889
114.820725511682
114.838329328155
114.852711094652
114.865430868669
114.884255848568
114.903204271138
114.915336174876
114.931514170193
114.947450204542
114.959555621794
114.973067725625
114.985651080968
114.994647022016
115.00273984203
115.008194267241
115.012955320299
115.019960465228
115.02525770161
115.030320745103
115.035689718503
115.038615207077
115.045020803062
115.05076874671
115.055700395311
115.064473383373
115.070453273059
115.074835427446
115.081988201843
115.086760987287
115.089980820555
115.092916432338
115.095425564769
115.102908856442
115.107353191776
115.110580577175
115.116271777222
115.117400845111
115.120137958493
115.126207185458
115.128150870092
115.127648703186
115.123146352832
115.121853895761
115.123048434841
115.121912024562
115.120059969911
115.115246395023
115.110749182853
115.113945239104
115.114432356773
115.114145993345
115.114769800045
115.118444907916
115.123628894224
115.131968834257
115.140142785861
115.146346977456
115.153912388285
115.163634792359
115.175136903718
115.185919740001
115.199093110953
115.207290715614
115.212682413818
115.220318215582
115.227906134995
115.240186218886
115.251885865644
115.261686738418
115.268974475897
115.27653153712
115.280152991543
115.282691700744
115.284863796006
115.291918446551
115.296338799829
115.297232739959
115.298383966676
115.302681496998
115.306647657601
115.307079265087
115.309446614684
115.308599643896
115.309751864505
115.313894089645
115.322319539938
115.326052504835
115.327351172314
115.329610175381
115.330560382565
115.332333818834
115.333834763699
115.335754468814
115.340060879851
115.341659391914
115.33838943889
115.330869205751
115.327330363862
115.321583462917
115.314696279896
115.309290106315
115.307398902337
115.304094348405
115.301394751709
115.298642943377
115.294055161221
115.29150608941
115.293082832298
115.291252984883
115.285822074224
115.281480353762
115.277665899752
115.270567266597
115.265067815076
115.262234975043
115.26232524413
115.26301124257
115.263588930168
115.266618511745
115.27118243962
115.273194350248
115.277140611661
115.280664009177
115.280719047152
115.277110841674
115.272242414364
115.271034738996
115.268322227165
115.264148425739
115.262085298008
115.260889269265
115.261130198643
115.258501078823
115.253412162328
115.246193903835
115.240630126109
115.239145791419
115.239442235186
115.236613807159
115.232863546074
115.229562295857
115.226729600938
115.22494991047
115.225482152609
115.22454641327
115.220708891805
115.219642212798
115.21798218635
115.216527626467
115.215779177104
115.213142622548
115.212945997672
115.21395295374
115.211948844717
115.212332656666
115.212895263873
115.209950158093
115.205398290797
115.203211848737
115.201247974491
115.200118311093
115.200116696451
115.199270298339
115.195283740962
115.190332155494
115.182582520132
115.174687805645
115.16645340622
115.157600621318
115.145427274179
115.134094295619
115.125966954812
115.117743021421
115.111000238259
115.104696994425
115.096164844852
115.084609740612
115.074437453141
115.062231792863
115.050398428706
115.039525169558
115.03024928008
115.019964902497
115.011065085868
115.000890167878
114.990159898186
114.982523928859
114.973296594594
114.963812989318
114.956253892637
114.946874571958
114.938886094349
114.934222689425
114.926096441686
114.918221964678
114.910898707719
114.900090510022
114.888028298268
114.875598192392
114.865379085207
114.852220390622
114.842370243929
114.83666274791
114.833399919285
114.83137499275
114.82645931556
114.825027857309
114.822776130377
114.816802183374
114.81304205411
114.809668578531
114.806672328239
114.803435253116
114.796497570933
114.788593576931
114.784622008757
114.776240127373
114.764825502622
114.751754167539
114.736140342465
114.723294106163
114.711080693902
114.69814267179
114.680978476473
114.664471476505
114.64921162125
114.633526628855
114.618517754663
114.606895521102
114.593062818016
114.581049955225
114.5672598334
114.558654633984
114.551390172671
114.544124649181
114.539215638907
114.532164532713
114.52453402337
114.514900140851
114.508248773995
114.501225605437
114.491444216559
114.480444387198
114.471271573608
114.463884705794
114.453692375921
114.443393750156
114.433296456718
114.425023733748
114.416817443317
114.406693594028
114.393895745541
114.380464694344
114.36764430636
114.358492535439
114.349277104565
114.341337001458
114.334554710647
114.328846358465
114.320129576615
114.312634038331
114.305140922833
114.295014510942
114.287367131551
114.282913217839
114.280091911959
114.273362013986
114.264630337853
114.255240244299
114.242661499314
114.234110596224
114.226386572594
114.220985643284
114.213555037454
114.202463511257
114.195236765905
114.18575086124
114.172605177271
114.163631274935
114.154928030989
114.147492668438
114.143479756998
114.136503514223
114.128898279231
114.126731013422
114.122881718043
114.121780761965
114.123129384864
114.120139902751
114.118510966587
114.117471811476
114.118522046207
114.119305514197
114.116950024452
114.112174147882
114.111038550759
114.111089399158
114.105543723157
114.09883819065
114.094051519927
114.090887358561
114.090381737884
114.087834245868
114.083874518776
114.084326020794
114.084369454329
114.085640436826
114.08698819563
114.089056518957
114.092578250366
114.091320467284
114.091088801288
114.095483513851
114.097397549554
114.102810340094
114.108919201417
114.109950649768
114.110204920767
114.11132772498
114.118384315128
114.129555276139
114.136107028833
114.146030391281
114.152204187969
114.153749488224
114.161092546163
114.169909167396
114.182368642067
114.19563491059
114.207575809137
114.222252685691
114.235645113152
114.252764598266
114.266158170156
114.275601077534
114.288514258165
114.301722161996
114.31108335998
114.322675738137
114.335941542838
114.348259134245
114.360155860854
114.370905033794
114.382957791618
114.393689121396
114.4042362736
114.416289982527
114.428965442984
114.44514426463
114.463332414934
114.477286784221
114.485254326302
114.493166628699
114.504825575997
114.513414338926
114.521553354859
114.534794425399
114.546864172881
114.560496883924
114.574818625623
114.588505447752
114.60164763188
114.613228082739
114.623282176427
114.637031619147
114.648803841043
114.660084742506
114.676259621537
114.688857737026
114.699286291506
114.709660205536
114.719045478931
114.730211950017
114.74170957679
114.753420236221
114.765581402583
114.77780799158
114.791423877175
114.80246170887
114.810958537085
114.822544517122
114.83076158772
114.83843481702
114.848014988102
114.858565051342
114.864601286091
114.872116689727
114.884016984734
114.894459318929
114.903842378583
114.914312696269
114.924476608046
114.939132921317
114.953813991234
114.968926484545
114.984063531445
114.995754732437
115.009107544058
115.021452632192
115.037157978083
115.055902785292
115.075703019315
115.096231638775
115.112773366161
115.130437235207
115.14787687284
115.163976364177
115.182809045117
115.202277505923
115.223812379049
115.243562077997
115.260692628304
115.280579538774
115.297221451044
115.312363354946
115.328767344886
115.345410953699
115.360870883016
115.376866064673
115.393493002276
115.405463772537
115.41797224531
115.432375720492
115.445342007447
115.457843959866
115.467540245855
115.480546087253
115.491992432693
115.503763196389
115.514097415757
115.52655412274
115.541076516047
115.551864749096
115.560290066178
115.570694849639
115.580588482904
115.59199223181
115.60134544592
115.607598507464
115.613608906944
115.616571703671
115.619285496115
115.621086835583
115.623573101192
115.625528209387
115.626058889657
115.626524868268
115.625626602184
115.624198008758
115.622689282068
115.62125863168
115.618579404048
115.613162633466
115.608198331783
115.606132721163
115.603243356528
115.602263275254
115.603396810493
115.603535342813
115.604665677029
115.605680812211
115.601830455805
115.59781091249
115.592497819546
115.583391810813
115.573688957138
115.566131013125
115.556508365686
115.548167359973
115.542315460225
115.533475964609
115.522985977406
115.510994620952
115.503365427737
115.493145260838
115.479577092322
115.468674571356
115.456212067598
115.442316240194
115.431556002071
115.421208629853
115.409874984421
115.398379616256
115.387866111379
115.37598414781
115.367468409821
115.361606555222
115.355084097405
115.35092692211
115.347576359858
115.341894183115
115.338411982048
115.331588302497
115.323845845918
115.320583737769
115.317892524046
115.315344327222
115.309868964373
115.302136384658
115.290319419974
115.27889230801
115.270031730951
115.257299085812
115.238552862218
115.219667531273
115.208082689927
115.192730052316
115.172664473778
115.154188067157
115.140063470491
115.130655538648
115.122545179407
115.110684618212
115.099790222145
115.092263890453
115.085558758826
115.074845887067
115.065944878957
115.057598162963
115.048472688842
115.041927416512
115.033529936288
115.024681338375
115.010835080623
114.997003663843
114.983898350731
114.969805342975
114.957322253183
114.945284334068
114.931747793485
114.919310154601
114.903046553042
114.890807562836
114.880530466517
114.87105735359
114.860177165974
114.844171471131
114.830931948962
114.819688196996
114.808267122132
114.800754280386
114.797782712827
114.789869504334
114.778615799221
114.769283698568
114.757676989489
114.746801990495
114.739574347609
114.733050746491
114.72681404058
114.722757172683
114.719998773053
114.717214649398
114.712380098495
114.703577887955
114.692029074614
114.684025324805
114.678948379744
114.669489883369
114.660108545342
114.651028425865
114.641041046989
114.627692946913
114.615859147184
114.602904537991
114.590280280156
114.579981134511
114.567822795754
114.559288682186
114.548305805679
114.538525527309
114.531653375465
114.522774413514
114.5123416466
114.504798031658
114.494982644672
114.483211434026
114.47583396649
114.469206219522
114.46015748224
114.455708953084
114.44849897289
114.441271667623
114.437691344426
114.434659787926
114.430670829565
114.426481740827
114.421979964163
114.41798603598
114.413662178782
114.406707989847
114.401628600707
114.398670167168
114.392245246262
114.389969471245
114.387128691935
114.388642106117
114.387739288389
114.385777808795
114.385396289995
114.38642570633
114.385033279748
114.380129283883
114.378933390154
114.380091887802
114.380123809505
114.378239213512
114.376206570269
114.376899043957
114.375724917386
114.370386249673
114.369414196142
114.363102130903
114.35746805326
114.351650542858
114.344535931104
114.336747623464
114.329300976342
114.323751457456
114.321338984498
114.318039869086
114.31538265528
114.308915504842
114.30482752137
114.304630377865
114.301532867894
114.299198402438
114.304494986315
114.310550771145
114.313512309882
114.317874813299
114.324807764249
114.330332977332
114.332923694023
114.335958941922
114.343928891858
114.350847004727
114.355547811211
114.359820762636
114.365894130759
114.37473403228
114.381233863483
114.389977625065
114.399785044116
114.409744724196
114.418694691582
114.429345996014
114.438424251483
114.449433418263
114.459149497421
114.466218354054
114.474397113335
114.47984232611
114.486561441425
114.491546034665
114.498256520566
114.505584960306
114.507740054757
114.507896482319
114.505997878603
114.509959869604
114.514370085137
114.51879289277
114.525679238162
114.533781505478
114.545795450586
114.558584772281
114.571426607959
114.58354357121
114.596151175079
114.608136323177
114.615099303982
114.621873223675
114.629770702259
114.637496766329
114.648039449935
114.661717051859
114.670590583696
114.684216916835
114.697845890547
114.713182820319
114.726575771146
114.73701922027
114.745199621269
114.753362248157
114.765360670517
114.771433869241
114.775455206622
114.77691193478
114.779386379076
114.782447448125
114.784553294838
114.788888735294
114.79716647013
114.802292430116
114.804378045627
114.80829481231
114.811885472661
114.814476548453
114.815973228578
114.821574376954
114.821940467961
114.82100608369
114.819293232049
114.821110210272
114.824803191752
114.827179035488
114.831153739979
114.834883427993
114.836850249388
114.83434112034
114.833990215986
114.838669224962
114.844368465536
114.851313928565
114.857910075986
114.866329971989
114.879035280458
114.890527234561
114.90129699616
114.914706035798
114.925290526693
114.930177533113
114.939751285932
114.948307805883
114.952675520479
114.961553771823
114.968556626141
114.971132758007
114.974854162532
114.980906282032
114.984542584431
114.992567936596
115.000181616553
115.009459336663
115.021482531474
115.031160667914
115.039433426919
115.049851293559
115.061023888262
115.069141405713
115.074989429102
115.082538383983
115.091564394522
115.098841479624
115.106588991172
115.112680464377
115.117016616841
115.122302090674
115.129792652276
115.135710460325
115.142352774179
115.150475063776
115.156138720454
115.1641585242
115.171331588928
115.179322046059
115.189115570801
115.196401321712
115.202890841884
115.210082904353
115.214803214707
115.222255203773
115.231935472179
115.238341827893
115.245111637585
115.252587191292
115.257759630381
115.268629342049
115.279370470138
115.288209084676
115.296388033633
115.301854564302
115.309144227853
115.315881187238
115.319327240709
115.324715472355
115.325557151309
115.327785347378
115.33141459211
115.332944468537
115.335286945787
115.336476961739
115.334724710443
115.335198805951
115.336740343772
115.33633909131
115.337219113492
115.331907149313
115.328372889211
115.32822551077
115.324740057
115.323235089282
115.325141019489
115.32404089441
115.323074072896
115.322188544767
115.321014660817
115.315488233767
115.311353738948
115.307789455122
115.306538025499
115.305026886816
115.301282208043
115.296563122735
115.292656916651
115.292566459138
115.29067769681
115.287161403913
115.283071648631
115.278466143676
115.27482230266
115.27265136164
115.270681645294
115.269116388788
115.267036440391
115.269458208601
115.267211975517
115.259187326055
115.254936167309
115.25116154261
115.246261908742
115.244569302485
115.24118923067
115.23788191559
115.234263155158
115.23228656321
115.230781345182
115.226825500684
115.224859466117
115.222663041398
115.217223525769
115.217018393764
115.213040109246
115.204355976913
115.19871149705
115.194584515636
115.19023758195
115.188004462499
115.184982811005
115.180839889218
115.177916529445
115.177498597295
115.179672302254
115.179986761076
115.178825718418
115.179366606357
115.175999339391
115.175197227656
115.177680055554
115.177977180964
115.176575326528
115.173060733034
115.168477672772
115.166613030424
115.164486795718
115.161169974225
115.160297155748
115.155676374042
115.152328561615
115.149250373482
115.144754961124
115.137837502377
115.128886211586
115.119950009186
115.113204532512
115.104005928578
115.093451657229
115.084590715048
115.078175111282
115.069139557134
115.062888211722
115.059511063949
115.05549830556
115.048242572351
115.039254023874
115.027152283701
115.017032081318
115.005649101265
114.995480984929
114.982785343909
114.972253152663
114.961625810342
114.947241537489
114.938838617133
114.930706094427
114.921315414127
114.915429745473
114.907879155146
114.899914191651
114.888121275158
114.877425856375
114.869794876549
114.858331671176
114.846093559266
114.836503187276
114.826549034166
114.819467584401
114.810429173258
114.798413036936
114.789570573762
114.781705763425
114.772052326618
114.758950785879
114.746260341559
114.734113967697
114.722821592976
114.712254905617
114.701762086623
114.693002876048
114.684727251196
114.67982803008
114.674160294541
114.670717590744
114.667817693083
114.667129193669
114.670500629808
114.675907413933
114.681183215199
114.68688825319
114.688580358788
114.690526227981
114.688618668015
114.687680457425
114.690397527758
114.690793998747
114.689773759589
114.693443928994
114.697351266065
114.700938520202
114.705211824755
114.704939957848
114.703202385811
114.699904344296
114.694706118545
114.696056579362
114.697701511685
114.69766438787
114.702596200238
114.705744137303
114.709459905707
114.709417107921
114.706484048798
114.707083715626
114.708659211673
114.708397300692
114.711304311191
114.712884489696
114.714056325751
114.71432319932
114.715437295544
114.716082631914
114.714280565953
114.712958715168
114.714944087486
114.715181942128
114.71141665412
114.70448229043
114.695727024074
114.688582471957
114.681003419234
114.678344541798
114.674773540677
114.668575310295
114.663359157132
114.65726531275
114.655944812264
114.654984606229
114.652345797214
114.650093207084
114.651493017721
114.652960105745
114.652046796112
114.649378715823
114.643621915319
114.639641616294
114.640369123356
114.641181641865
114.639517250915
114.637920510643
114.634631770045
114.633058716251
114.638259054367
114.639291212654
114.643186379137
114.645674990829
114.647500634433
114.650967650467
114.651928366756
114.650263640103
114.649256525421
114.649219375616
114.649013943204
114.648521972767
114.649499398417
114.651171184178
114.653987501645
114.659537145043
114.666411967494
114.674832800475
114.683949523518
114.693701065853
114.702258064469
114.711352939295
114.723487122618
114.734019645318
114.747214671276
114.768029173964
114.78849639083
114.808464491951
114.829428285998
114.853932703508
114.876237219077
114.893875510824
114.911879508028
114.92511568834
114.936420232148
114.949523389094
114.962342721241
114.973989993634
114.986498449977
114.99809212234
115.010621898033
115.015821470722
115.022837426602
115.028481378503
115.029231041499
115.032627554671
115.034714763432
115.035938042706
115.038678848159
115.044515816379
115.047740052759
115.051134203941
115.061998063321
115.07264189898
115.084363100422
115.09385082551
115.098561807166
115.102751659786
115.105813206969
115.106814793319
115.107847723868
115.109224625706
115.113705459795
115.118901645053
115.121517946608
115.125258840823
115.127935980528
115.134043811677
115.141187020897
115.149319627831
115.155759254608
115.161370742024
115.166420039655
115.17414373119
115.179437767967
115.185029354243
115.19095061745
115.200233511964
115.21244747336
115.222394642802
115.232697425583
115.246048259414
115.257480916934
115.266525191677
115.272255484889
115.284001858709
115.297534019747
115.311730988431
115.322570209609
115.335567054609
115.345868495187
115.354812063788
115.366848777746
115.377439560423
115.383632178157
115.385816741387
115.392194267903
115.400477131598
115.411747627943
115.422827515078
115.433246913135
115.4412232977
115.447858291393
115.457155227306
115.465648693312
115.473742979972
115.479000819596
115.480454913119
115.480539332539
115.479337566082
115.481774424982
115.48395870528
115.482457045145
115.484323025385
115.483821803476
115.485264000331
115.491840666269
115.496644933422
115.498283078914
115.495884095054
115.495801718534
115.497574611522
115.501659015183
115.509564610983
115.517406760649
115.524239502053
115.52927739439
115.53522953621
115.535245288825
115.53456571532
115.533172982374
115.530697014193
115.524888696155
115.517370012207
115.511706889659
115.50641855593
115.497347359913
115.489571849904
115.478912100314
115.468750831796
115.458487085006
115.450156436508
115.445534023441
115.437738907976
115.426268934198
115.415198703907
115.407388795529
115.396720351755
115.382917233846
115.371610953305
115.361859272843
115.352606754956
115.344078193954
115.334222543164
115.324632011805
115.316439904342
115.308200917179
115.302054405106
115.294454524763
115.284789165082
115.279501062236
115.272698613728
115.263271846404
115.255034671677
115.250294500649
115.243632326178
115.23305922772
115.221945860247
115.210274691194
115.199808359188
115.191395570771
115.179584739057
115.169158684846
115.161258908785
115.146899316266
115.133205576123
115.122888627798
115.114173331966
115.104324198312
115.093385123131
115.084629589627
115.075890143912
115.068076184096
115.063261954492
115.058055464792
115.050809932186
115.04168494192
115.030618747196
115.017901659192
115.006504721338
114.995130757807
114.983600448505
114.971437549566
114.959802069113
114.950091387027
114.937990321966
114.926063954119
114.914327252446
114.901361287236
114.884742590338
114.869870184297
114.858505213096
114.847196940408
114.836873821108
114.826141736656
114.81763237432
114.810434629791
114.803369026512
114.797460115309
114.789000043212
114.7786896532
114.765076970416
114.755191233602
114.749549963355
114.74349290553
114.73501484404
114.726787551067
114.718430566518
114.709746796478
114.703094840845
114.697691788577
114.689302441724
114.683474337389
114.678946689389
114.672264677565
114.665564716407
114.656000850405
114.65004103844
114.642246562209
114.633261428241
114.626502442756
114.617871490353
114.610333290832
114.604991167689
114.597340857991
114.592482740269
114.586486016315
114.576607689826
114.57231506681
114.570282935396
114.565117739176
114.563307816329
114.561854845945
114.56033083903
114.55550012739
114.549001191576
114.541282901705
114.532571170287
114.523403211423
114.515210203632
114.508726892776
114.501342627761
114.491838127915
114.481744082319
114.470393294561
114.461221770623
114.451494631391
114.440651415026
114.433647432089
114.427349857457
114.42383391736
114.41974397961
114.410111832872
114.402572167482
114.396919802076
114.392204469438
114.386789655026
114.379335811769
114.375165694292
114.3693527926
114.36435737627
114.359570688971
114.354134410466
114.350768656993
114.346009906485
114.344698477255
114.342195358894
114.338268299729
114.337792712436
114.338821487719
114.336444606791
114.333157867205
114.333722308362
114.331547660682
114.324563076365
114.315252390702
114.307773254692
114.298222801542
114.284415955453
114.273153623827
114.263794720328
114.25411882255
114.247182924455
114.239987417386
114.235192557428
114.231933947567
114.229612792639
114.230468839955
114.22987926021
114.229048662996
114.229054465
114.232478292239
114.23482245943
114.237455381067
114.243853257757
114.250857751239
114.257135185298
114.261637617078
114.271355176844
114.282512913381
114.292756253318
114.30081645006
114.309935904961
114.320424977404
114.331232214994
114.342197349245
114.351400252496
114.358845459659
114.368054973098
114.379236436631
114.38804632683
114.395808478695
114.4069466004
114.417255225458
114.428338071289
114.442228297694
114.453214219839
114.466253328996
114.47852993344
114.489493596052
114.49660431924
114.502555575237
114.513148885459
114.523756853535
114.535360710201
114.545946410515
114.555669344226
114.564233999029
114.575065822462
114.585148098445
114.593467663811
114.603698932754
114.613167335458
114.618483581484
114.625120973752
114.631096254265
114.636173758141
114.643018589574
114.64717241471
114.6502876202
114.653187071205
114.657661585949
114.663992239421
114.668696124974
114.671983687869
114.675304551887
114.677910354003
114.678678211015
114.682098607394
114.687355246667
114.690333793655
114.697394005242
114.704288595612
114.713516572494
114.723421347207
114.735251259297
114.746582407319
114.757216744035
114.767751628984
114.775419231201
114.78572079709
114.796812896301
114.800451101241
114.804167567446
114.806221830696
114.810833708787
114.81108031147
114.807532538995
114.808721558246
114.812178069938
114.816027590069
114.822892318819
114.827022783868
114.832035144096
114.840276244725
114.849622429648
114.857812063665
114.871108842892
114.886039759273
114.901546453385
114.915572749384
114.92543075833
114.936982992055
114.950746622802
114.962237468709
114.976123817507
114.992778554115
115.008189557664
115.023398044525
115.035526596134
115.048778093644
115.062601430481
115.075251485014
115.087604489337
115.1042053346
115.122795092979
115.136187997343
115.150090552309
115.161811030075
115.173858144413
115.189391542146
115.198957531034
115.209421588627
115.218911702361
115.2222330208
115.229231796464
115.233641709729
115.236974825747
115.241167659797
115.245396160212
115.25025426096
115.253478668459
115.259053134102
115.263911672176
115.268818599796
115.274931526678
115.280016850663
115.284740716255
115.290405123387
115.29574722577
115.299106229594
115.303925817296
115.30642585207
115.306116073177
115.306298505014
115.305040017792
115.303105705491
115.298889247188
115.297239540637
115.295532626485
115.293285053056
115.290343546741
115.286243715697
115.285211387077
115.281862265881
115.278809369337
115.280139511527
115.28036072094
115.279300886059
115.278807449804
115.280722591881
115.277035031386
115.266846893485
115.255273725048
115.246963037619
115.234861703167
115.222279416585
115.208598702388
115.198677345874
115.186790712933
115.175455385566
115.16528278813
115.15339035387
115.140893513697
115.128114560036
115.116018924052
115.107462138222
115.095498472626
115.081257253578
115.07243731012
115.061883426574
115.05072160125
115.039878414338
115.028922471932
115.021975791713
115.017917611029
115.008987700969
115.000873957448
114.994635909789
114.987986303034
114.977600201393
114.968196006424
114.958431933662
114.94928491827
114.941680449936
114.933454324274
114.928193051541
114.921235322321
114.915212086034
114.913862230485
114.909641677714
114.901684252796
114.897255081652
114.890381754344
114.882205085299
114.873914556259
114.864613024331
114.855936896507
114.845153849992
114.833820402438
114.827323903605
114.822899502166
114.820694502589
114.819955657157
114.816215821618
114.812533411923
114.810422081405
114.807514850428
114.805141332365
114.803240150229
114.79760964189
114.791844427538
114.785227156765
114.778714766755
114.774289632787
114.768184943602
114.760417425682
114.753419624535
114.746137773881
114.739869992894
114.73136495196
114.72462351402
114.720837139944
114.713605425275
114.70235815566
114.694992852521
114.691279853345
114.687257156042
114.680341284709
114.676885494451
114.669248694836
114.658540847158
114.648354672236
114.638394567082
114.630103090992
114.624556773953
114.618872828945
114.614882537654
114.61219302038
114.606332781813
114.59721972284
114.587161357557
114.583241269297
114.578060412748
114.569496248722
114.563751255554
114.554739999667
114.544855237246
114.536272045705
114.523767631023
114.512141234328
114.504036200334
114.493964467485
114.48415888978
114.476809303191
114.471476427154
114.465382519477
114.456044165115
114.444155706501
114.432964291623
114.421504222083
114.411059423669
114.402241397154
114.393085319007
114.383957065244
114.37739221439
114.374933878052
114.37549808749
114.374713438627
114.375258736722
114.375823240205
114.375801450404
114.373967141922
114.372031971753
114.373620413449
114.373116201774
114.371511500707
114.368106895115
114.361773366049
114.358704388519
114.358292338184
114.356612139251
114.356000978212
114.35879878528
114.358629304108
114.357160465517
114.360416786668
114.362100470115
114.365031236331
114.374522109607
114.380548630588
114.383522336098
114.390274828569
114.398292041276
114.404629726981
114.41473568992
114.422312711479
114.428496462739
114.437496816766
114.445408399479
114.450755294754
114.455783797632
114.459206007903
114.462275192308
114.465543963163
114.468863568767
114.473108862494
114.478841435799
114.486508891507
114.494229239203
114.501883955997
114.50674605905
114.513434876904
114.524422799868
114.532032458698
114.535031489121
114.53743879901
114.544188526174
114.551956224711
114.557418252032
114.563007418767
114.566998347805
114.570718749652
114.573400348076
114.577793139847
114.582801559093
114.583299605262
114.586483870978
114.591701496543
114.594161101831
114.595325317878
114.598083093872
114.601089878223
114.605408321131
114.606824653691
114.612368000017
114.618892535887
114.621508874317
114.625376273475
114.629062396131
114.630477163281
114.633068380107
114.631991847916
114.631569374848
114.631730098959
114.636892498649
114.643231611203
114.64582737716
114.647296148513
114.644356349204
114.639204920648
114.636445067504
114.635489903345
114.635466344432
114.637145945749
114.640406699986
114.642798879549
114.643574476605
114.64770902986
114.653688854996
114.664224768688
114.67432991206
114.68070462983
114.690892581635
114.695978034941
114.699892825495
114.70554524106
114.710651011293
114.714309105151
114.717525871761
114.722744764525
114.725171042047
114.72989377181
114.732946597586
114.735717279497
114.74359930993
114.752765984628
114.759402316549
114.76907946678
114.778674635717
114.788548954901
114.799408578572
114.807431979583
114.815855825185
114.826443286704
114.834322270781
114.841257417509
114.848004026853
114.855803907368
114.863214282988
114.868812171687
114.868597239743
114.870443981229
114.877324321968
114.879321557139
114.880849599273
114.885340566097
114.889657295589
114.889754565556
114.897392954939
114.905467812294
114.909454155901
114.913608766462
114.917476201852
114.918569405914
114.919184942495
114.920552582474
114.923826085149
114.926278326904
114.928893304978
114.931847860347
114.937112726324
114.939673927214
114.943928724607
114.947280354344
114.950321156971
114.954261584827
114.957615491649
114.960340403811
114.964905180518
114.967524373188
114.971922064257
114.973251421455
114.9726216398
114.975257600571
114.975023719
114.976660950354
114.980914645594
114.982887105257
114.980797111
114.978123247
114.974056096298
114.973064295413
114.968001833058
114.959276466003
114.951669729204
114.944179201276
114.93775816255
114.931178434982
114.923818754306
114.918190203069
114.912359112399
114.906279028212
114.902502923833
114.897339385111
114.892542107749
114.887614386159
114.883803633184
114.88095993321
114.876868189109
114.871261722825
114.867056566211
114.865124515567
114.86235753743
114.857628745957
114.853768259002
114.845954349355
114.837587660493
114.831643385349
114.826607671636
114.82357681983
114.822587339802
114.81834764973
114.818096115539
114.819694399026
114.817827383036
114.815103858229
114.815994865507
114.818001346621
114.820564730763
114.820489988482
114.818625601632
114.815230915909
114.806071725148
114.796224156867
114.784942951378
114.772126406895
114.760911071589
114.753238022764
114.743907332224
114.734752231418
114.72785628318
114.717005687093
114.704968819078
114.696099358904
114.686775049215
114.678429838378
114.668232869137
114.65954103584
114.650923601976
114.642816058931
114.634572113211
114.625595884006
114.615839864275
114.606644478623
114.600831675787
114.594044263775
114.587488831641
114.577595749217
114.56772711546
114.556072376297
114.543403694964
114.534017476222
114.524243854143
114.510415737517
114.498278345671
114.49337276955
114.485978428074
114.473613060641
114.461790095411
114.448707150022
114.434641671954
114.418804755404
114.404164324583
114.394935976718
114.381793493202
114.367610059257
114.352894669383
114.340262409732
114.330880885909
114.321551115446
114.313214740444
114.307181666757
114.298462393099
114.293030870556
114.288812085386
114.289103220492
114.290324135057
114.287732671551
114.286102264503
114.28319929667
114.280239676105
114.277743062214
114.269739775549
114.264201798646
114.260993781106
114.26070219831
114.260297821379
114.25762627626
114.256436541371
114.257937024028
114.25565148602
114.251424621654
114.250941207147
114.252761091316
114.25156326642
114.25283077999
114.25125825077
114.248716203868
114.245800749967
114.24070212316
114.237772467203
114.234781632652
114.231263561913
114.22852532006
114.220966152204
114.216049340087
114.211494840761
114.204415941772
114.197986173549
114.193263896989
114.190279706305
114.186504108105
114.184469144976
114.183900982023
114.181769504184
114.180851886906
114.180569309445
114.177365870559
114.177712783252
114.176084807187
114.174260631755
114.172826820463
114.171145777377
114.174126382438
114.178412916253
114.18500655955
114.192963223908
114.200291960501
114.21063128086
114.216744946174
114.229273889869
114.24348225073
114.249681639215
114.251500846695
114.256545493983
114.25941609781
114.259645894014
114.262442786233
114.262190947566
114.259862838498
114.257995318146
114.254859964022
114.249745685198
114.246062617813
114.247311133084
114.249759631074
114.252378666477
114.254320256048
114.257950042487
114.260841834591
114.265037517873
114.269487245149
114.273413150882
114.279135939435
114.286433796389
114.289146949831
114.292687848512
114.300954567028
114.30916253745
114.316590001663
114.326044754325
114.3349522145
114.346399539688
114.358640530819
114.367465356779
114.374187258799
114.382004152999
114.394551299107
114.403323519348
114.412142152675
114.420932223669
114.430118550852
114.439965876474
114.449186815736
114.460649240245
114.471228000176
114.484291971808
114.495874317764
114.505683557205
114.516537544349
114.525858668185
114.534990444704
114.542791148954
114.550035907384
114.554188089906
114.560705493399
114.566511578156
114.575912441175
114.585064487019
114.590322718881
114.597226982499
114.603370804545
114.609720673608
114.619377991956
114.627965495141
114.636571663643
114.641044564867
114.648164491097
114.653842168854
114.652632328443
114.65596291591
114.658137520219
114.657987641382
114.660685579448
114.659278189591
114.659331999697
114.659577578552
114.662971659669
114.668598854481
114.671754435697
114.67582884782
114.680429251444
114.683292241996
114.6896731589
114.698105500121
114.706154114272
114.713925718753
114.720684001409
114.728127003941
114.737785028618
114.748603540774
114.759159488389
114.766357862436
114.772144547208
114.780821669799
114.792625763774
114.802334246458
114.813628797794
114.82617658178
114.838742070623
114.852468452424
114.868881502603
114.882265909169
114.891987309282
114.901774895806
114.911223406506
114.918599856793
114.922234252053
114.926763007661
114.93255619562
114.93763458986
114.938321119084
114.939854797717
114.944133433587
114.944216679007
114.944921208551
114.947006531147
114.946833806207
114.946482122305
114.943600338013
114.941430972312
114.938592579302
114.94074653245
114.944214719741
114.946599165623
114.947959379497
114.947180469909
114.947886877123
114.945795936556
114.938881287525
114.935823002968
114.936204732493
114.932621493652
114.929167652153
114.925689794719
114.921335052544
114.922279715956
114.921410743853
114.917876423891
114.91582460866
114.909766084982
114.904991857131
114.899207835844
114.895269759637
114.892913993895
114.887454667673
114.883838999401
114.879575469605
114.877709022075
114.877360008026
114.876664592096
114.879243863489
114.878214931726
114.873095622127
114.872733659626
114.873741667596
114.871656698935
114.868916027966
114.867837288663
114.870719017743
114.874809638953
114.876853538673
114.880636306797
114.882251043302
114.878978128995
114.876471859604
114.87512690953
114.871135468639
114.867993776864
114.862361415821
114.859569645492
114.861714714844
114.861844802736
114.863836891551
114.865645098298
114.870070081354
114.872420998255
114.877890315463
114.88253931629
114.889329388693
114.89437517602
114.893838537121
114.89753963746
114.899124423854
114.900922459783
114.906517847901
114.91075482359
114.913147132003
114.911980878617
114.913520758896
114.915872867273
114.914462223987
114.913795392019
114.913979609752
114.913081153975
114.912939615255
114.913231028338
114.910349702728
114.909328222582
114.906470636944
114.902762443241
114.900575991923
114.89695700868
114.891934680556
114.889459741849
114.88534580572
114.881239459521
114.874837046301
114.872139135515
114.86712469831
114.864244711825
114.862400755534
114.857828087674
114.852806338572
114.848459988165
114.841486079136
114.836103756169
114.826383657463
114.814271199405
114.806839984882
114.799361413125
114.78863513579
114.777750070137
114.769585801493
114.761163170583
114.749194430296
114.740157201847
114.732630659867
114.721630446338
114.711544987715
114.702803161657
114.694624959516
114.687008172927
114.680526102041
114.675932895077
114.670404321717
114.664099610928
114.657434047757
114.653015494174
114.651633822596
114.647740214173
114.643977766994
114.641510996863
114.637054600124
114.637707899729
114.635852170102
114.634192718628
114.633629360342
114.628677696904
114.62500876803
114.622523613501
114.616580820536
114.610408442595
114.608561872283
114.606267304206
114.606502137742
114.605287942797
114.605636356527
114.607243053393
114.606287645777
114.603588496105
114.602235357723
114.6003621714
114.59582757407
114.593583352076
114.598712630209
114.606410890048
114.610682838998
114.614227664421
114.617334366518
114.622956643112
114.622931142424
114.621411155498
114.619829245711
114.610781626014
114.605044412699
114.602785529108
114.60249514196
114.603109664926
114.600492878865
114.593639365432
114.586176448077
114.578598919962
114.569286160659
114.561467938833
114.55466893334
114.548112050118
114.542358136904
114.535003359434
114.524397371092
114.51490486879
114.504392122058
114.494982307337
114.485054915026
114.476208683683
114.464593611089
114.451506226597
114.442494912236
114.43298143136
114.425287123256
114.418896171055
114.412414948509
114.405930482047
114.401911295231
114.394292355269
114.390021326475
114.390474811682
114.38891246814
114.383614429764
114.375925198184
114.369839694346
114.367029105457
114.361114111889
114.353197048168
114.347904164669
114.342741088421
114.336297865151
114.330746245831
114.327868852605
114.326801877766
114.330291710822
114.332131716529
114.333149069863
114.332733442742
114.330082822102
114.328155430751
114.327209762227
114.327557481763
114.328478619205
114.332011411987
114.339400582313
114.350050215222
114.359769883439
114.370561529621
114.38216653464
114.392887427134
114.401257434155
114.407085501301
114.415180264483
114.425354693383
114.433349885683
114.438912617255
114.44448897887
114.447439729281
114.447020462349
114.453998345934
114.45935567063
114.461859126738
114.465940054203
114.469071808655
114.473805840112
114.481617804426
114.484723611844
114.489069431697
114.494276753095
114.498507430941
114.504932171561
114.508532361451
114.510491776722
114.517283691401
114.522212591893
114.525901602657
114.527419514054
114.529644891925
114.535615715634
114.541355453739
114.542741608984
114.540489560982
114.541356152231
114.542794540671
114.542617761102
114.544531572373
114.546603795028
114.545040419335
114.54897171377
114.552529174078
114.551271173667
114.548500219386
114.549875921374
114.55423947681
114.555037269268
114.554232743603
114.553938651494
114.551217774427
114.551417095451
114.552418996318
114.550321696185
114.546308407962
114.544879328068
114.540408519257
114.539328848037
114.539646425255
114.540489260466
114.544320272073
114.539406726759
114.534122030118
114.533673993938
114.534813611658
114.535097695652
114.53485504162
114.536052915068
114.536018341236
114.53522191347
114.534218046455
114.532146082201
114.532566153911
114.536135563708
114.541075393729
114.546270169734
114.551260601549
114.556418841669
114.559623440628
114.56759274742
114.57987299235
114.588808778371
114.600491108803
114.613940177935
114.626318538613
114.638355160119
114.652251978428
114.666232788523
114.680600451121
114.695436302359
114.709310818399
114.718494539434
114.728038375052
114.740583941418
114.752175712042
114.763005217622
114.7706270976
114.780038598842
114.788733942069
114.796067910698
114.802810634171
114.809748750694
114.816922891165
114.818177150425
114.816113700762
114.818136212649
114.818838630563
114.822200830243
114.823431333888
114.823231803416
114.823851080642
114.825589056314
114.825908861806
114.828439517383
114.832532352758
114.835527987991
114.83502286141
114.834240478914
114.838275420887
114.842786749431
114.845645173756
114.852966203447
114.855814784146
114.857886940744
114.865785992046
114.869349857139
114.871053958597
114.874982382798
114.877569373257
114.878715572696
114.876112855915
114.866562151301
114.859811401034
114.855246622208
114.848193641528
114.842994775381
114.839555668214
114.837787610077
114.835557410023
114.827779444686
114.821578264193
114.816806110708
114.811786404416
114.806524307352
114.802461564777
114.800140159082
114.792095788091
114.787114205691
114.779651832964
114.772891374446
114.767410319663
114.758226303764
114.752324317626
114.75036028461
114.746086306483
114.738831961566
114.735681589605
114.731087773548
114.723889094922
114.715688862239
114.708501246326
114.697365161508
114.685081869529
114.672154807302
114.658602087316
114.646747803143
114.640021215365
114.634314791868
114.627639241547
114.621392629722
114.611292092746
114.601278964646
114.591769093652
114.57886187912
114.568313836678
114.557049039904
114.547711883249
114.536959005931
114.529758477944
114.52492234267
114.516235066703
114.507031686149
114.502738559958
114.494530214174
114.48624010694
114.478275835918
114.474675207362
114.475159230484
114.472751881672
114.46924011305
114.465606991963
114.462179050151
114.457157396703
114.450683234513
114.447276270006
114.443275234792
114.440267893003
114.439544235775
114.438382040169
114.437506979366
114.437675339397
114.437252199324
114.438258915553
114.434358622803
114.431044504642
114.4289801545
114.421466207055
114.413415111025
114.410638579346
114.406145319097
114.400926802875
114.397157584185
114.390305963969
114.38270244741
114.379020690884
114.373603447116
114.365826671678
114.360881385197
114.354472505452
114.348101018742
114.342379127731
114.337510679027
114.334536068817
114.328379487719
114.319986275031
114.314144034213
114.306644713902
114.300959405964
114.295350938858
114.287168903738
114.279511344654
114.273159436895
114.265676840165
114.260011669608
114.257454436422
114.253227049735
114.246954035194
114.243493529464
114.241970525674
114.236675016855
114.232679218076
114.230540937936
114.2252303278
114.220167165583
114.215859507321
114.212750886156
114.210538087597
114.208735416797
114.21065506199
114.211535018389
114.208994436355
114.208271055719
114.21058353709
114.208095641067
114.205759684893
114.204529256046
114.200907065063
114.199196641001
114.196484878717
114.196976524924
114.199561453052
114.201546538621
114.205559134308
114.208382901912
114.211902460346
114.214353432098
114.218149450363
114.220093938594
114.220810685208
114.222399675013
114.225739720055
114.229325549623
114.229611279168
114.23071331646
114.234067051169
114.234471151984
114.234392994105
114.238764946691
114.242300326677
114.244233647023
114.247979629517
114.25228368842
114.256316345121
114.256653764844
114.256149262051
114.252746943022
114.248404849243
114.246777262784
114.244351206999
114.240814660232
114.236185114167
114.232941775844
114.234863899989
114.233450206193
114.230395594177
114.227837096416
114.223224831454
114.220328424026
114.218288611646
114.21437727743
114.214910037597
114.21639019466
114.215482143025
114.215658746091
114.216749434238
114.221672447474
114.225970656305
114.231277056563
114.236740296592
114.238758983277
114.242311652247
114.247239902336
114.253994406809
114.257615615487
114.259478316877
114.26165434471
114.264593790094
114.267892593212
114.270468191519
114.268686889475
114.271638894994
114.273626242473
114.275000531831
114.279003549608
114.283463155806
114.286364880354
114.286723056439
114.286395164982
114.283478244685
114.284800841893
114.289742078682
114.290836435435
114.296417396255
114.298976779176
114.301595377668
114.308554761451
114.312343637652
114.317747029086
114.323703585819
114.328327783387
114.336741351665
114.346716201669
114.355365714717
114.366612878139
114.377815258126
114.38850021344
114.401503076908
114.416096655171
114.430298389862
114.441990643594
114.451445331118
114.463629482792
114.473352767852
114.47894032751
114.486884380906
114.49517684672
114.501045255671
114.506930659508
114.512209857879
114.520787823807
114.528443318534
114.529977924037
114.534953104002
114.540801233933
114.545119573014
114.549194901882
114.551458130989
114.556936807005
114.56277957052
114.564792425455
114.56526561328
114.566375187185
114.565311239711
114.564410788566
114.56349906173
114.559990361776
114.559661088266
114.562158766609
114.566367168159
114.567644801831
114.567830941161
114.568331359073
114.565178055696
114.559892115983
114.554910732654
114.54776837001
114.5433367121
114.540678922451
114.538882130371
114.541434605134
114.544177391462
114.546501880333
114.55088390562
114.558021856792
114.561420722551
114.567119785456
114.577880658152
114.588993948313
114.59750729516
114.604817761096
114.613165444529
114.617860535858
114.626350842854
114.635471785198
114.642464832854
114.649848207804
114.656753412601
114.66514250051
114.670026573482
114.676993813588
114.684696258549
114.691747323237
114.692623701898
114.692502629471
114.690464819741
114.687963538132
114.685610051522
114.68343544542
114.683768743924
114.682733335917
114.683496862443
114.685251471253
114.682974726281
114.679836694453
114.677912371267
114.675683125482
114.676111039844
114.676215865966
114.680465867728
114.682371163235
114.680787161638
114.679752615909
114.677343710432
114.674751371039
114.670816101225
114.664583729733
114.656148335442
114.649297206946
114.645934079846
114.640662942927
114.635325891505
114.631482968057
114.627497569137
114.623449432323
114.618951178229
114.613409668791
114.60953189652
114.606801609859
114.606415636033
114.609320397892
114.605795112716
114.60185141646
114.600834096857
114.598814453771
114.597881529325
114.599978871516
114.600273856051
114.602409709934
114.602643878886
114.600256885044
114.599958040735
114.597165568233
